$SPEC_ID:
Sample title.

$MEAS_TIM:
2643.82000 2975.88000
$DATE_MEA:
10/16/2019 10:28:34 AM
$DATA:
0 16383
0
0
0
16
26
13
1
1
0
0
0
0
0
0
1
5
81
1054
3061
4088
4566
4682
4824
4962
4783
4698
4935
4744
4687
4570
4330
4070
3771
3604
3447
3368
3212
3199
3169
3300
3368
3470
3864
4257
4189
3839
3549
3459
3387
3247
3302
3336
3305
3485
3520
3403
3627
3679
4416
5421
7134
8300
7805
5936
4515
3846
3815
3994
4575
5116
5134
4816
4345
3869
3780
3719
3792
3805
3770
3806
3807
3849
3939
3868
3908
4107
4108
4072
4206
4291
4199
4172
4222
4355
4558
4599
4562
4477
4434
4356
4476
4544
5073
5548
5943
6351
7181
7076
6548
6268
6431
7192
8945
9864
8629
6135
5186
5896
8637
10614
9950
7409
5526
5033
5231
6160
6820
7062
6900
6300
5443
4643
4214
3849
4002
3893
3875
3969
4058
3878
3877
3892
3907
4110
3910
4234
4777
6175
7654
7354
6095
5040
4531
4302
4211
4070
4179
4090
3948
4216
4129
4233
4273
4306
4261
4298
4233
4264
4241
4386
4706
5966
8213
9006
7710
5827
5080
4878
4633
4446
4280
4197
4171
4328
4304
4210
4369
4212
4297
4390
4266
4428
4735
5149
5016
4778
4636
4482
4579
4318
4237
4479
4465
4450
4273
4412
4369
4510
4493
4476
4426
4424
4476
4625
4554
4497
4710
4571
4693
4678
4434
4724
4618
4672
4757
4759
4639
4730
4732
4648
4765
4863
4847
4984
5430
5764
5921
5874
5556
5139
5156
5238
5511
7162
11863
20188
25753
21698
12816
7328
5325
5023
5120
5198
6480
9800
14538
16401
13089
8378
6207
5250
5116
5030
5176
5570
5714
5409
5118
4919
5035
4891
4987
4883
4952
5082
4925
5063
5395
6212
7512
8185
7225
6068
5229
4969
4921
4927
5108
5007
4922
4989
4976
4873
4916
5112
5376
6626
8258
9010
8137
6540
5714
5428
5508
5240
5227
5152
5367
5384
5538
5642
5387
5307
5116
5106
5042
5042
5095
5128
5160
5312
5519
5920
6178
6348
5770
5298
5076
5029
5082
5171
5166
5141
5228
5194
5138
5095
5273
5268
5298
5494
5403
5492
5446
5580
5430
5516
5532
5504
5604
5679
5523
5556
5470
5499
5537
5593
5520
5965
5980
5891
5710
5514
5633
5552
5618
5554
5600
5716
5607
5669
5686
5664
5780
5736
5746
5829
5941
6151
6701
7515
7649
7023
6546
6304
6355
6221
6428
6590
6831
6950
6815
6645
6455
6270
6466
6501
6490
6598
6565
6289
6546
6511
6594
6556
6562
6638
6536
6550
6410
6596
6624
6659
6652
6807
7024
6805
6887
6716
6744
6703
6682
6690
6775
6634
6749
6571
6710
6476
6471
6464
6284
6318
6116
6144
5974
5890
5795
5760
6155
7151
7734
7051
6006
5113
4835
4706
4711
4581
4520
4647
4391
4349
4406
4317
4377
4337
4299
4222
4223
4171
4124
4138
4260
4100
4318
5115
6516
8026
7928
6552
4860
4126
3936
3857
3998
4378
5830
8605
10494
9567
6852
4545
3738
3567
3553
3514
3460
3691
4161
4521
4976
6668
10070
12690
11237
7295
4332
3341
3091
2886
2881
2937
2850
2961
2910
2813
2700
2856
2755
2817
2944
3265
3823
4344
4201
3444
2928
2720
2686
2921
3438
4040
4138
3718
3186
2784
2690
2583
2656
2611
2713
2730
2649
2540
2697
2559
2419
2408
2537
2415
2489
2494
2425
2506
2532
2668
2526
2543
2396
2507
2384
2433
2351
2343
2422
2396
2382
2413
2434
2449
2409
2409
2452
2526
2555
2603
2574
2547
2389
2392
2303
2385
2341
2478
2672
2997
3195
2843
2494
2438
2383
2223
2328
2393
2285
2275
2351
2346
2310
2349
2300
2243
2230
2272
2212
2207
2248
2285
2189
2273
2198
2180
2213
2172
2153
2257
2254
2265
2209
2380
2383
2426
2668
3187
4074
4395
3718
2973
2526
2749
3521
4002
3962
3090
2548
2289
2203
2231
2239
2226
2312
2233
2488
2765
2902
2855
2859
2629
2444
2326
2303
2332
2446
2612
2577
2586
2418
2357
2530
2910
3369
3525
3301
2953
2770
3128
5011
9773
19507
32533
45580
55673
62002
65589
67843
69130
70208
69769
70116
70238
69627
68881
67133
64769
61450
55971
47472
36770
24554
13054
6046
2724
1769
1430
1460
1477
1427
1452
1484
1472
1476
1445
1453
1419
1474
1534
1508
1574
1616
1567
1566
1473
1465
1448
1559
1712
1847
1970
1891
1848
1796
2336
3238
4715
6041
6291
5868
4384
3062
2272
1921
2062
2773
3938
7232
16033
30169
38115
30924
16005
5875
2344
1596
1391
1339
1264
1336
1329
1396
1390
1340
1320
1356
1337
1414
1390
1398
1330
1338
1286
1323
1305
1417
1398
1433
1443
1425
1346
1301
1359
1348
1428
1395
1337
1319
1296
1320
1327
1280
1326
1296
1228
1257
1233
1298
1293
1329
1381
1351
1480
1396
1349
1291
1285
1248
1229
1274
1312
1477
1479
1495
1410
1337
1287
1303
1385
1461
1550
1596
1468
1349
1317
1266
1247
1266
1323
1326
1391
1259
1301
1256
1244
1300
1339
1657
2381
3146
3634
3307
2540
1902
1513
1295
1228
1223
1245
1300
1326
1509
1868
2029
1827
1598
1436
1368
1306
1242
1276
1357
1247
1271
1200
1285
1352
1269
1340
1303
1385
1468
1441
1343
1387
1285
1279
1171
1305
1239
1308
1287
1344
1376
1353
1452
1448
1516
1484
1311
1305
1262
1232
1286
1208
1332
1245
1273
1224
1369
1407
1444
1460
1422
1281
1256
1317
1301
1289
1346
1223
1280
1295
1321
1428
1494
1444
1290
1346
1238
1203
1286
1199
1289
1391
1517
1721
1659
1499
1382
1291
1264
1401
1431
1332
1322
1307
1295
1384
1667
1905
1875
1591
1666
2295
3360
4266
3769
2769
1787
1410
1325
1549
1685
1660
1491
1330
1187
1261
1218
1228
1191
1196
1297
1271
1241
1304
1414
1314
1254
1307
1180
1256
1268
1226
1317
1349
1374
1361
1387
1354
1203
1207
1247
1207
1321
1369
1432
1928
2871
3927
4162
3139
2093
1464
1360
1252
1433
1379
1258
1267
1194
1153
1173
1227
1180
1161
1194
1242
1204
1329
1322
1365
1234
1215
1193
1225
1276
1397
1350
1286
1213
1166
1206
1285
1258
1273
1206
1232
1211
1234
1145
1183
1176
1219
1277
1415
2207
4135
6904
8187
6556
3933
2238
1508
1316
1241
1220
1208
1173
1224
1292
1324
1499
1546
1427
1312
1204
1257
1271
1293
1386
1261
1308
1200
1167
1148
1175
1243
1279
1295
1390
1465
1568
1820
1753
1574
1420
1224
1253
1167
1224
1220
1261
1206
1268
1429
1538
1548
1479
1252
1225
1189
1187
1193
1251
1531
2120
3594
5593
6437
5248
3131
1831
1348
1183
1215
1219
1257
1187
1230
1377
1508
1761
1788
1628
1403
1278
1236
1284
1372
1514
1777
1929
1980
2136
1867
1609
1452
1394
1277
1245
1245
1262
1182
1399
1302
1402
1352
1305
1189
1151
1162
1156
1136
1137
1134
1215
1136
1217
1175
1259
1231
1257
1456
1602
1678
1691
1647
1466
1601
1851
1808
1637
1384
1259
1295
1267
1289
1306
1333
1309
1337
1337
1383
1340
1257
1292
1293
1265
1294
1259
1240
1285
1316
1419
1433
1317
1392
1451
1462
1364
1360
1264
1289
1625
2652
4616
6754
6999
5082
2968
1851
1465
1606
1859
2356
2371
2005
1583
1309
1309
1267
1241
1365
1312
1346
1450
1531
1630
1552
1456
1352
1274
1292
1270
1303
1311
1269
1308
1394
1381
1351
1372
1401
1375
1481
1706
2037
2026
1959
1720
1519
1449
1437
1571
1487
1456
1336
1267
1377
1420
1391
1300
1237
1231
1238
1196
1233
1178
1262
1224
1253
1347
1248
1268
1252
1307
1338
1409
1407
1330
1225
1343
1407
1673
2462
3327
3689
3194
2282
1663
1360
1283
1344
1339
1295
1284
1291
1252
1295
1298
1245
1328
1273
1259
1276
1189
1278
1310
1333
1466
1444
1479
1550
1515
1508
1685
2063
2348
2532
2201
1753
1429
1373
1292
1269
1290
1290
1238
1223
1189
1271
1297
1324
1327
1380
1325
1202
1215
1261
1369
1407
1349
1316
1344
1261
1320
1464
1736
2430
3178
3737
3476
2660
1847
1417
1322
1265
1305
1289
1292
1273
1274
1219
1309
1267
1305
1311
1293
1324
1419
1435
1453
1432
1706
2018
2259
2350
1882
1560
1368
1326
1308
1270
1381
1398
1312
1374
1343
1286
1264
1235
1240
1372
1528
1590
1743
1958
2030
1804
1640
1448
1368
1444
1541
1909
2037
1899
1639
1441
1426
1601
1768
1919
1698
1454
1310
1277
1298
1253
1272
1289
1217
1330
1306
1354
1433
1519
1474
1464
1432
1544
1677
1620
1571
1497
1475
1339
1293
1313
1299
1324
1347
1256
1397
1324
1462
1476
1538
1567
1330
1275
1338
1339
1645
1906
2078
1872
1620
1459
1365
1419
1390
1377
1355
1463
1400
1321
1353
1301
1247
1254
1205
1260
1269
1271
1284
1254
1321
1291
1336
1298
1575
2015
2453
2500
2071
1636
1366
1292
1264
1217
1255
1307
1373
1286
1369
1380
1417
1301
1232
1219
1274
1264
1277
1268
1364
1500
1557
1556
1375
1302
1198
1278
1223
1287
1230
1349
1405
1317
1421
1450
1407
1294
1369
1281
1288
1253
1318
1309
1326
1426
1658
1732
1618
1376
1342
1331
1420
1324
1320
1252
1317
1277
1200
1247
1183
1181
1233
1308
1368
1460
1359
1365
1282
1247
1225
1217
1301
1273
1226
1248
1281
1387
1497
1518
1457
1407
1291
1293
1276
1281
1265
1305
1220
1281
1534
1969
2493
2804
2640
2096
1667
1324
1293
1248
1259
1233
1187
1265
1293
1393
1504
1585
1646
1778
1758
1714
1612
1467
1457
1429
1521
1965
2573
3270
3108
2471
1820
1564
1571
1558
1435
1348
1370
1370
1313
1483
1404
1342
1299
1288
1367
1587
1553
1546
1597
1629
1425
1432
1311
1291
1280
1374
1294
1254
1459
1631
2149
3095
3542
3349
2627
2106
1827
2018
2676
3820
4882
5069
4143
3180
2392
1866
1549
1410
1446
1599
1900
2145
2278
1991
1569
1547
1611
1643
1875
1704
1616
1557
1382
1375
1301
1331
1311
1315
1289
1341
1337
1259
1356
1431
1362
1383
1466
1578
1786
2018
2346
2554
2713
2411
1990
1536
1303
1163
1228
1214
1195
1247
1273
1271
1241
1297
1305
1376
1310
1226
1185
1322
1290
1335
1248
1218
1151
1221
1235
1209
1158
1176
1210
1248
1193
1225
1264
1182
1218
1286
1341
1306
1217
1257
1243
1258
1283
1284
1335
1287
1272
1355
1281
1269
1250
1193
1281
1268
1326
1376
1570
1637
1616
1557
1381
1316
1290
1271
1201
1163
1192
1216
1389
1379
1269
1310
1317
1281
1210
1337
1320
1296
1240
1246
1292
1413
1514
1485
1424
1316
1259
1350
1435
1388
1355
1364
1267
1293
1244
1297
1360
1465
1730
2468
3503
4024
3557
2719
2132
1784
1568
1448
1413
1350
1554
1704
1717
1596
1460
1538
1984
3003
4491
5217
4706
3143
2007
1494
1350
1306
1325
1273
1256
1255
1301
1363
1406
1407
1326
1279
1303
1232
1266
1217
1228
1295
1235
1435
1516
1575
1508
1406
1343
1213
1268
1183
1162
1234
1222
1172
1271
1329
1292
1381
1462
1403
1403
1370
1350
1286
1348
1355
1414
1398
1341
1324
1295
1283
1249
1287
1306
1184
1256
1280
1234
1232
1224
1264
1192
1316
1418
1493
1587
1624
1490
1395
1344
1360
1501
1374
1372
1319
1295
1267
1261
1238
1276
1272
1244
1180
1282
1286
1336
1295
1234
1270
1331
1340
1383
1358
1372
1430
1397
1313
1257
1311
1290
1298
1316
1366
1303
1383
1443
1643
1775
1765
1592
1416
1349
1416
1424
1580
1650
1626
1514
1410
1350
1289
1439
1422
1392
1377
1402
1407
1376
1389
1399
1388
1429
1498
1452
1655
1607
1630
1560
1458
1447
1447
1565
1642
1810
2488
4019
6452
8383
7755
5566
3345
1971
1550
1504
1700
1879
2464
3686
4852
5228
4394
2898
1951
1561
1453
1523
1526
1436
1488
1454
1453
1527
1570
1556
1658
1769
1707
1680
1641
1628
1583
1568
1608
1647
1750
1745
1678
1564
1663
1662
1665
1602
1572
1626
1636
1636
1591
1615
1633
1579
1627
1599
1586
1664
1600
1625
1594
1628
1643
1690
1723
1742
1883
2114
2614
3343
4026
4399
4314
4042
3655
3381
2939
2465
2099
1971
1881
1929
1845
1794
1736
1769
1787
1781
1810
1872
1859
1821
1936
1877
1852
1928
1936
1905
1962
1974
2078
2126
2193
2005
1846
1837
1882
1874
1845
1869
1907
1822
1867
1890
1794
1821
1761
1871
1814
1897
1839
1928
1841
1860
1810
1856
1905
2048
1956
2067
1979
1960
1897
1810
1883
1920
1949
2101
2409
2877
3568
3863
3561
2947
2530
2404
2283
2285
2173
2146
2224
2341
2535
2600
2562
2415
2278
2091
1978
1966
2047
2108
2264
2405
2659
2749
2831
2520
2204
2040
2049
2042
2069
2034
1971
2065
2109
2116
2150
2179
2158
2115
2051
1967
2127
2165
2209
2373
2548
2604
2488
2276
2244
2082
2133
2095
2138
2077
2062
2054
2122
2120
2155
2139
2133
2122
2157
2138
2150
2080
2063
2123
2085
2086
2109
2081
2087
2031
2105
2193
2170
2122
2263
2320
2192
2175
2229
2173
2140
2183
2084
2106
2017
2135
2124
2109
2091
2072
2140
2199
2303
2284
2407
2308
2216
2160
2234
2274
2338
2279
2154
2250
2136
2130
2179
2256
2236
2176
2289
2170
2232
2247
2118
2168
2241
2146
2241
2170
2221
2177
2227
2137
2261
2233
2171
2144
2227
2280
2333
2455
2599
2745
2991
2979
2896
2890
3143
2979
2886
2604
2456
2451
2445
2359
2308
2241
2319
2291
2268
2269
2309
2312
2308
2289
2321
2257
2352
2428
2390
2366
2382
2400
2392
2440
2312
2346
2242
2262
2208
2211
2410
2630
3261
3948
4463
4466
3936
3139
2714
2541
2563
2711
2695
2807
2742
2580
2773
2752
2781
2789
2565
2541
2554
2473
2481
2522
2525
2452
2450
2487
2736
3045
3754
4186
3904
3583
3037
2599
2577
2541
2526
2607
2580
2623
2471
2516
2561
2572
2568
2559
2603
2519
2525
2498
2623
2603
2548
2568
2535
2587
2560
2464
2562
2533
2603
2513
2605
2654
2669
2602
2609
2637
2616
2538
2660
2699
2553
2580
2598
2566
2683
2779
3070
3654
4356
5051
4690
4188
3716
3218
3085
2958
2920
2784
2966
3006
3154
2998
2839
2836
2801
2823
2900
2827
2767
2758
2828
2788
2776
2692
2843
2791
2845
2770
2860
2832
2852
2843
2910
2909
2876
2927
2902
2946
2923
2930
2912
3025
2844
3045
3041
3116
3244
3157
3148
2990
2889
2947
3043
3015
3110
3157
3397
3427
3444
3228
3015
2859
2775
2765
2721
2655
2695
2705
2566
2687
2705
2783
2872
3727
5282
6532
7140
6136
4570
3559
3190
2964
2697
2571
2479
2344
2293
2258
2324
2352
2353
2385
2332
2339
2382
2320
2382
2340
2267
2307
2334
2363
2417
2272
2331
2327
2278
2354
2408
2418
2309
2301
2284
2203
2286
2223
2207
2180
2279
2226
2338
2209
2214
2275
2294
2445
2512
2564
2504
2283
2200
2200
2248
2199
2196
2148
2121
2120
2124
2095
2115
2191
2099
2200
2191
2103
2204
2789
4037
6025
7321
7340
5658
3990
2685
2116
1953
1872
1903
1953
1960
1999
2034
2030
1942
1929
1809
1816
1839
1910
1939
2025
2037
1957
1914
1760
1785
1721
1757
1788
1770
1773
1833
1732
1701
1663
1641
1578
1690
1705
1838
1835
2020
2109
1986
2025
1944
1828
1727
1605
1488
1545
1616
1481
1590
1562
1553
1525
1477
1562
1483
1534
1484
1506
1483
1465
1498
1463
1409
1414
1467
1358
1389
1357
1362
1394
1481
1509
1720
2164
2504
2524
2325
1771
1559
1438
1371
1379
1294
1386
1483
1418
1368
1357
1315
1279
1279
1257
1260
1219
1241
1211
1259
1262
1279
1309
1283
1255
1245
1350
1306
1270
1245
1234
1259
1138
1213
1213
1250
1198
1237
1199
1245
1239
1306
1271
1234
1215
1199
1217
1213
1210
1202
1183
1158
1098
1115
1170
1144
1191
1098
1110
1159
1176
1179
1346
1414
1771
1885
1806
1619
1455
1278
1219
1170
1139
1099
1165
1046
1069
1048
1064
1092
1088
1110
1086
1181
1356
1661
1914
1949
1660
1501
1382
1373
1386
1284
1143
1074
1043
1033
1031
1015
974
968
1068
996
1031
1045
1052
1097
1129
1072
1085
1015
1041
981
1016
1059
999
1038
1047
982
1045
1030
1079
1090
1077
1077
1122
1157
1144
1188
1177
1223
1366
1458
1326
1207
1087
1080
1061
1165
1453
2820
7740
21515
47908
79448
95961
85225
54650
25398
8902
2699
1194
937
834
1018
1161
1297
1310
1290
1123
970
906
942
1025
929
1014
1069
1144
1194
1202
1089
981
921
825
855
907
923
949
919
856
834
830
826
796
876
921
868
897
816
867
826
882
783
841
875
873
798
821
826
836
816
868
882
895
895
903
935
963
1052
1203
1113
1093
1004
844
774
809
800
795
798
810
874
996
1312
2365
4896
9792
15459
18135
16130
10474
5100
2344
1102
848
1060
1803
3792
7079
10412
11677
9943
6319
3100
1439
962
755
761
787
880
884
928
872
767
747
709
783
842
880
877
858
848
766
780
779
873
834
767
720
756
705
690
722
665
683
688
684
669
672
697
726
818
863
836
832
752
752
818
971
1154
1294
1276
1229
1039
815
750
678
682
683
649
664
619
649
637
644
645
681
651
665
687
587
639
675
702
718
749
742
752
825
775
810
714
666
723
756
752
808
837
1089
1184
1255
1252
1025
846
664
666
658
625
628
628
630
663
633
687
697
617
641
573
617
652
696
776
913
1314
2136
2797
3224
2861
2018
1287
895
678
632
627
619
625
621
607
582
600
632
595
611
629
624
678
672
727
720
690
669
589
615
593
612
627
648
611
554
603
578
589
534
573
608
615
586
601
563
552
555
605
558
628
636
715
734
774
697
714
627
622
571
604
552
597
558
575
666
733
759
700
657
625
616
680
664
703
716
657
652
632
635
700
737
798
829
859
773
686
680
605
636
654
650
718
785
840
765
683
610
622
564
553
547
601
538
579
523
567
567
614
635
714
709
842
800
845
819
786
720
762
668
651
560
593
581
661
633
592
635
621
658
751
811
785
801
719
642
616
553
533
557
553
607
580
580
595
621
614
553
564
586
625
542
583
581
594
647
603
626
689
601
666
679
647
620
607
643
640
609
613
625
599
553
595
606
660
630
635
622
617
653
869
1580
3457
6639
9996
11389
9858
6457
3230
1435
757
555
530
551
596
577
570
614
596
601
695
710
693
648
587
565
547
586
607
571
618
567
525
542
535
532
541
603
537
563
545
550
512
534
529
507
522
553
599
621
646
620
656
654
631
577
567
575
537
577
534
538
509
558
559
503
557
540
534
545
596
602
649
641
580
601
601
567
604
620
512
536
477
516
567
533
656
683
754
828
754
636
593
605
574
838
1172
1860
2503
2659
2266
1639
1022
757
605
612
618
633
647
725
822
899
842
741
743
610
580
583
553
524
539
523
480
519
511
541
540
599
545
605
569
578
584
576
606
595
588
568
579
607
568
610
561
563
571
581
553
554
579
569
535
533
591
623
664
649
601
587
544
549
562
548
546
555
535
528
547
553
567
541
565
569
521
552
533
532
546
647
651
701
665
621
616
576
557
569
531
605
519
587
546
542
560
554
538
582
548
520
598
550
580
529
518
548
604
580
577
579
595
592
599
563
578
582
564
537
546
581
568
628
835
1228
1703
1977
1912
1471
1036
710
650
626
562
610
546
577
574
609
592
587
555
543
515
535
520
550
557
573
587
564
552
547
537
572
609
685
729
754
731
701
699
697
716
860
857
796
720
588
575
518
555
545
575
624
701
689
644
627
650
649
688
671
641
648
597
583
636
685
815
868
936
876
725
661
628
635
594
652
609
591
594
549
540
570
596
550
600
620
606
543
539
599
573
564
550
542
537
572
589
567
618
645
635
666
713
674
632
580
515
525
481
520
538
577
579
547
517
546
518
554
522
561
527
575
561
592
543
538
585
612
635
626
654
682
788
848
912
912
792
700
617
562
518
531
569
536
568
531
552
564
548
511
531
528
551
547
540
605
589
633
620
625
569
594
507
579
531
536
535
555
541
569
561
559
493
566
554
570
546
551
587
524
617
565
555
547
577
600
551
537
543
556
562
560
626
651
818
929
878
860
797
777
766
777
673
687
651
631
608
584
613
648
619
616
607
598
575
559
518
548
520
538
498
548
549
489
509
523
534
541
564
529
569
568
643
605
648
691
703
619
598
555
616
538
520
526
544
504
524
567
525
539
495
517
478
518
554
503
510
547
539
538
550
552
552
523
519
470
529
491
592
503
503
537
586
653
799
1003
1117
1099
1002
848
685
645
622
499
503
509
493
513
528
510
481
584
539
607
674
712
720
672
708
657
658
693
679
669
614
581
513
507
534
497
521
500
544
513
594
727
1066
1373
1791
1757
1579
1140
801
650
556
624
600
563
561
536
507
508
501
488
504
525
525
529
518
556
476
545
513
507
503
494
523
512
540
473
537
473
453
465
451
465
519
450
460
480
479
477
476
465
495
502
511
490
471
501
537
528
481
481
470
469
459
460
458
501
450
469
478
458
482
500
471
516
485
517
603
628
889
1201
1694
2031
1969
1615
1150
762
531
475
502
559
541
611
608
571
551
530
478
415
497
474
446
477
543
539
528
525
489
494
533
492
508
505
475
498
491
490
464
466
455
461
446
467
486
489
557
626
693
755
759
754
629
561
540
536
493
494
462
462
488
468
430
406
402
448
441
442
486
491
550
552
552
557
555
531
448
461
472
513
543
547
585
618
674
646
692
723
783
899
845
840
689
571
534
504
491
492
496
455
484
482
454
447
460
432
470
517
479
537
503
509
466
523
462
483
511
534
617
677
604
571
464
410
455
461
408
474
476
516
531
622
684
657
651
588
537
528
512
479
474
470
456
453
423
416
448
442
444
492
606
762
1134
1433
1493
1280
949
700
567
456
421
415
408
429
413
401
442
472
500
501
565
641
590
563
526
422
401
366
408
437
422
400
404
430
429
410
407
413
377
397
443
484
394
470
452
521
555
581
626
520
470
432
401
441
445
476
490
482
648
1052
1845
2661
3514
3721
3110
2168
1287
680
526
431
439
429
434
424
405
470
449
509
518
517
493
488
444
438
451
451
533
599
588
584
568
509
516
481
498
550
550
623
623
554
525
513
511
526
576
585
511
506
471
420
439
436
425
470
410
431
401
426
426
412
374
371
391
399
359
380
410
407
420
461
399
449
404
420
402
388
494
477
491
469
456
452
419
382
431
407
424
397
426
421
411
482
452
435
433
418
386
393
403
409
422
437
447
461
481
422
393
420
413
382
409
389
369
388
406
406
457
457
529
599
673
770
724
665
502
431
414
372
416
397
397
434
433
398
413
349
409
352
405
415
385
387
398
428
555
630
663
639
575
446
435
397
442
410
390
427
417
471
414
410
451
411
404
442
452
487
491
468
542
670
824
844
843
651
568
461
438
394
397
411
415
419
414
390
443
403
419
423
445
419
442
458
445
461
449
411
467
450
444
483
491
560
588
579
577
525
433
458
477
508
601
646
691
684
590
476
426
403
408
436
420
389
393
405
432
454
417
409
413
415
398
436
384
479
424
448
476
440
422
406
434
426
399
417
433
396
375
395
463
476
529
558
531
490
432
441
481
607
609
589
525
462
434
418
368
383
413
407
486
565
568
626
571
564
483
469
452
447
417
425
442
388
401
412
423
447
422
431
465
456
440
445
440
390
433
432
465
460
431
445
453
471
574
689
895
1164
1436
1472
1366
1210
941
774
748
696
782
809
731
686
546
556
471
487
469
434
425
433
437
436
435
427
428
413
405
439
420
450
410
460
507
512
477
570
581
642
718
658
585
536
474
466
415
422
493
490
511
550
528
501
523
550
557
501
455
458
486
477
504
516
567
625
684
745
709
672
611
502
511
493
487
482
468
494
558
585
640
680
705
649
639
522
471
488
458
432
444
449
426
442
472
499
562
609
676
856
1090
1254
1351
1369
1221
989
846
703
642
605
535
511
495
448
439
467
468
465
491
464
470
478
501
499
522
483
493
507
419
472
465
505
482
496
525
585
532
547
457
548
482
472
506
532
523
473
469
505
486
422
454
480
468
459
447
428
497
490
432
414
455
491
496
502
470
471
514
470
444
476
491
481
461
522
540
504
500
499
504
476
480
492
473
464
440
488
455
495
489
460
468
465
446
488
491
505
543
563
608
576
552
536
511
473
526
506
475
476
479
488
496
535
488
517
480
528
504
501
508
471
487
539
556
542
579
631
564
515
511
498
482
512
501
475
484
509
481
483
526
467
484
497
524
488
511
501
518
490
503
506
449
516
483
525
550
517
501
526
488
477
474
532
471
475
520
476
509
518
628
725
888
1055
1184
1059
863
752
595
555
537
538
558
484
503
512
486
482
489
475
514
463
503
469
484
492
454
470
512
540
599
613
635
627
700
662
705
581
593
590
651
681
787
819
770
702
669
637
580
539
496
525
516
514
520
527
501
502
526
536
531
569
537
588
549
575
579
679
715
760
731
696
647
621
554
537
523
532
519
504
502
478
578
518
534
530
548
538
501
500
488
497
473
497
503
510
544
555
560
623
683
758
799
779
711
620
578
539
507
527
557
515
505
515
511
516
531
555
593
582
583
552
503
532
499
517
511
474
497
471
494
487
486
483
545
524
504
456
525
506
469
506
472
498
471
513
527
500
536
505
504
542
531
513
525
518
480
548
509
481
515
521
479
493
543
514
550
492
508
527
484
552
478
507
503
535
517
486
489
549
547
553
547
574
722
767
715
708
681
575
562
520
509
510
545
483
496
486
442
468
461
480
498
478
495
484
496
488
531
540
533
564
622
579
590
547
514
495
458
422
446
452
415
454
457
413
444
426
413
448
427
386
453
473
464
444
460
445
410
431
391
415
407
425
468
449
494
582
681
904
921
918
804
667
590
484
488
499
465
457
491
440
484
479
493
508
480
490
513
526
545
584
635
693
639
574
550
476
428
443
425
423
405
420
417
402
409
394
425
407
418
480
395
438
426
372
398
404
385
399
444
501
501
586
630
707
655
656
585
474
438
408
396
398
396
383
417
435
426
388
387
413
417
403
423
415
412
406
430
425
388
410
396
366
391
404
407
397
379
378
361
356
404
431
458
525
546
481
477
454
425
401
378
391
387
392
384
389
372
368
366
406
408
368
366
375
350
346
359
368
362
374
378
423
438
514
445
440
475
427
431
354
373
364
357
407
414
393
370
387
395
334
343
365
369
373
348
363
373
345
363
344
356
374
371
384
390
331
359
338
354
331
351
319
313
315
308
329
277
326
359
331
329
359
364
327
347
314
351
343
353
336
391
367
390
359
410
439
495
559
507
471
461
496
794
1527
2548
3902
5038
5366
4516
3179
1808
951
560
412
369
394
402
405
388
359
352
335
325
319
306
328
312
355
335
327
306
304
312
318
308
341
346
341
339
347
360
301
315
353
300
313
289
273
314
308
320
308
267
276
279
282
295
342
346
336
382
334
322
331
339
380
471
646
850
1216
1565
1664
1465
1108
816
499
437
382
418
421
428
379
364
317
292
284
305
300
297
276
317
321
307
286
302
289
314
279
324
334
416
692
1268
2082
3184
3999
4179
3615
2430
1479
832
498
373
291
296
276
281
270
295
318
337
321
317
340
337
318
359
318
278
327
303
313
320
325
303
316
352
315
346
396
450
375
422
334
287
295
257
293
273
294
286
281
293
266
284
276
277
267
281
311
305
305
315
314
319
283
286
306
296
286
279
289
324
352
385
450
571
561
512
492
376
375
338
309
300
295
308
307
292
299
304
278
307
321
311
289
303
346
389
524
554
520
510
383
386
321
295
319
283
330
334
315
337
321
295
324
338
352
320
329
294
298
275
293
288
322
304
295
285
315
265
297
249
294
279
278
290
323
307
338
361
384
405
440
411
370
318
288
332
325
282
284
245
303
298
265
290
302
282
273
293
284
304
316
369
357
426
442
412
413
438
393
412
379
374
340
316
334
339
295
315
304
313
303
290
271
262
272
290
268
255
312
276
320
309
292
272
323
329
306
308
334
320
314
278
281
261
295
289
349
464
604
960
1414
1658
1588
1508
1180
761
455
386
277
275
265
303
275
264
287
289
286
270
282
289
279
273
297
303
290
307
303
312
293
305
270
279
258
265
273
269
253
285
263
281
305
285
302
305
316
297
312
309
303
276
256
272
282
256
275
262
282
256
263
264
271
270
250
242
238
253
257
268
269
271
262
264
297
263
262
289
313
317
292
310
287
274
281
266
271
274
275
292
295
264
267
304
278
291
295
325
272
271
275
293
273
255
271
296
308
260
301
281
268
296
264
309
255
299
255
284
293
289
315
306
297
283
292
323
288
345
371
427
361
373
328
352
366
436
457
427
392
369
340
323
295
283
325
296
285
320
311
309
371
366
358
302
331
315
323
280
284
273
305
297
320
314
387
334
337
361
367
305
343
323
290
309
308
296
324
286
328
285
293
306
289
291
305
279
307
282
315
324
368
317
335
344
346
310
317
310
323
304
326
340
387
368
415
533
786
1124
1652
2205
2664
2664
2439
2030
1477
1049
843
716
656
564
511
523
513
544
579
578
498
458
446
440
395
374
380
374
380
374
345
387
353
394
368
379
364
412
387
391
352
351
340
344
339
333
353
319
353
355
369
365
407
425
444
517
575
621
632
567
560
493
401
344
389
372
415
406
409
497
492
465
471
425
391
428
391
380
373
390
368
359
399
392
374
367
350
379
403
331
420
343
376
335
348
381
372
360
348
333
375
376
392
383
372
412
420
446
438
394
403
359
367
343
339
380
335
351
352
373
344
420
380
373
417
451
517
577
661
631
658
563
491
460
416
396
461
413
483
453
476
520
538
513
451
423
389
428
382
401
458
394
421
378
389
362
398
395
380
369
370
363
369
347
348
354
369
386
368
361
365
376
344
383
325
368
359
350
366
366
360
380
378
363
363
382
331
371
340
386
365
355
365
329
376
356
380
399
404
403
397
388
370
324
328
357
379
425
376
396
403
407
376
364
356
383
405
423
414
423
384
390
395
378
386
369
369
378
369
323
426
350
396
418
396
390
431
404
411
397
411
416
343
349
397
396
423
384
409
413
401
423
423
408
408
361
405
372
387
386
416
363
403
436
388
432
387
402
390
382
379
368
405
342
376
370
380
365
387
384
356
369
397
361
408
398
381
427
409
373
418
396
337
411
353
379
422
394
342
387
394
403
412
396
415
413
416
408
399
414
414
398
379
403
395
379
413
479
506
561
537
557
560
521
486
479
444
411
429
435
437
411
416
431
414
384
386
412
398
440
392
470
415
450
415
401
395
397
392
427
402
387
394
405
379
419
464
423
396
442
416
453
395
416
448
438
428
428
441
444
415
478
433
426
407
452
465
403
428
440
436
460
440
432
475
415
430
375
398
355
377
336
369
370
375
374
352
343
385
360
366
361
374
386
357
340
362
384
375
359
380
407
420
446
440
374
383
396
381
340
367
333
345
362
343
371
381
346
334
373
334
350
391
392
424
484
600
712
759
708
733
598
531
403
401
425
407
382
393
385
363
381
348
375
346
406
365
371
390
416
405
402
481
543
667
741
790
838
706
618
565
497
387
332
376
348
331
378
378
362
332
366
367
397
336
348
336
344
344
357
328
346
356
375
425
487
465
443
424
375
377
359
320
325
296
312
317
312
345
333
298
333
294
337
338
315
371
351
373
374
356
358
339
359
306
338
310
307
296
319
285
310
313
290
273
296
331
327
334
304
277
319
313
306
309
260
315
270
314
331
334
335
326
335
317
280
300
277
272
298
250
258
256
270
297
263
329
263
275
263
246
237
305
290
291
255
290
254
246
262
276
269
248
255
270
303
299
328
371
344
352
346
314
311
289
257
243
270
283
250
266
266
271
252
243
251
229
251
274
265
260
254
281
254
251
264
248
240
256
256
284
291
245
258
249
270
287
261
260
274
291
330
329
363
376
407
442
436
388
344
349
306
328
282
274
291
288
232
284
275
288
287
282
273
286
253
269
258
293
278
276
278
314
303
294
274
266
266
282
290
257
264
274
268
254
288
271
275
271
283
268
268
282
300
272
292
263
299
306
313
328
334
304
318
326
309
289
314
358
348
438
455
437
394
343
278
279
251
266
262
326
357
549
942
1672
2950
4760
6456
7662
7373
5971
4453
3011
2004
1669
1606
1299
1119
791
543
443
379
355
366
383
395
393
403
351
303
315
306
311
309
312
334
324
305
283
311
284
276
318
295
288
318
320
275
315
336
343
319
389
464
504
495
460
451
457
380
349
373
340
315
322
305
327
304
335
323
310
300
319
322
302
277
267
299
295
299
277
311
308
298
278
294
290
275
279
286
265
270
278
285
262
290
288
285
280
285
298
271
301
281
257
284
293
289
322
313
313
356
371
352
352
349
285
307
312
302
290
314
311
288
309
331
347
324
316
345
370
410
464
488
549
525
489
413
363
396
382
405
572
610
708
774
767
615
512
378
351
319
279
268
303
269
321
330
273
282
289
280
313
297
310
287
319
315
310
277
338
302
304
275
308
307
315
276
318
275
337
275
283
292
278
277
302
313
303
283
311
283
277
297
266
275
290
293
294
301
314
346
330
342
320
323
265
275
266
318
269
300
301
333
309
307
329
316
294
328
315
347
313
332
326
345
310
314
281
276
289
278
273
296
283
264
248
266
282
274
312
278
263
278
277
304
305
276
278
290
298
285
327
339
327
356
326
376
311
334
315
288
277
281
309
336
272
312
301
287
279
272
256
282
274
266
293
285
250
284
311
285
305
285
295
301
273
339
296
306
279
275
333
275
287
312
289
300
295
246
268
286
290
310
302
316
319
346
323
304
371
372
334
360
293
325
295
296
297
282
294
313
298
264
309
275
279
307
285
284
295
271
323
320
333
333
341
332
348
326
319
319
342
311
343
330
298
310
323
324
280
294
280
300
301
328
312
309
322
361
376
386
399
348
369
323
327
333
345
332
288
282
277
256
298
271
262
283
269
306
302
285
290
297
278
303
384
390
380
354
359
307
302
287
290
241
319
267
265
286
235
262
244
268
264
257
242
257
269
267
247
278
256
292
288
302
241
255
270
283
308
282
263
283
242
256
227
246
231
256
265
240
252
263
273
273
273
272
309
276
272
253
284
276
298
300
312
326
334
366
368
313
318
292
262
280
235
240
263
302
254
278
282
335
356
462
551
821
1086
1307
1441
1343
996
762
509
417
274
276
292
313
342
368
404
388
392
370
314
310
290
257
264
277
258
248
263
238
226
256
280
226
219
268
243
228
226
240
230
256
236
254
223
213
239
257
245
223
252
233
266
277
282
324
312
337
324
343
277
275
243
236
247
243
239
239
215
280
238
264
281
253
275
275
286
280
319
297
275
271
269
228
246
252
277
316
358
362
335
331
300
232
234
224
231
217
219
233
195
186
196
180
189
191
200
200
215
234
214
229
224
238
208
178
212
218
220
232
222
238
257
298
336
334
472
474
428
390
331
277
240
252
227
192
211
210
202
190
213
195
205
187
202
187
183
211
192
211
208
203
199
208
192
165
187
215
200
202
202
219
198
222
241
216
233
243
264
322
414
395
481
450
333
313
282
259
230
230
255
302
310
381
426
413
414
393
381
304
266
277
216
223
246
190
213
190
206
194
197
200
168
218
199
194
205
210
199
212
234
215
269
264
279
286
257
255
250
246
257
265
276
291
331
406
473
538
556
560
530
372
326
254
258
232
197
212
220
224
226
208
207
241
211
226
232
234
238
248
265
237
260
235
238
280
391
632
970
1583
2210
2815
3103
2955
2337
1640
978
572
374
254
227
204
217
225
224
256
267
298
279
288
297
280
289
292
313
280
246
229
216
225
223
254
234
218
227
235
238
294
350
433
554
645
772
736
655
555
424
374
297
282
271
249
221
202
194
225
191
206
203
191
171
192
191
211
219
239
217
222
217
224
215
210
216
206
222
200
212
208
256
223
236
241
276
242
272
235
228
238
264
280
276
253
300
266
256
349
382
462
566
587
607
594
439
391
322
266
262
223
215
237
213
267
336
329
307
355
343
312
290
249
255
262
238
266
327
304
295
294
284
267
268
229
209
226
210
233
198
227
238
235
244
277
252
238
226
212
235
205
195
198
213
238
242
246
252
252
257
250
260
229
245
272
260
251
288
285
249
287
293
252
236
237
223
241
221
219
208
225
196
179
197
218
228
217
203
229
240
218
260
265
278
278
272
240
285
244
246
226
231
171
235
195
218
221
223
204
205
226
210
227
225
216
213
244
205
226
223
214
251
220
202
230
198
202
193
225
221
186
188
213
228
210
191
240
206
211
217
228
212
227
256
296
361
373
371
325
313
263
244
231
219
227
238
233
215
216
193
234
201
215
235
193
237
213
208
214
234
245
232
213
249
236
224
246
246
248
241
266
238
272
246
256
294
232
266
215
222
212
193
231
237
215
216
240
255
266
303
342
367
367
344
296
298
225
226
241
209
232
226
203
210
233
218
225
237
220
208
229
210
236
254
261
273
344
382
349
378
352
308
269
232
226
238
208
228
215
243
293
240
211
230
242
263
290
370
420
444
477
540
531
458
384
337
290
301
264
238
216
233
230
207
209
215
202
205
238
213
221
199
228
186
238
227
245
200
206
231
229
230
212
229
225
213
238
192
192
204
195
220
247
197
228
200
217
239
235
208
218
225
249
232
246
200
200
238
221
233
197
230
222
222
217
211
208
184
211
215
211
194
187
216
193
229
217
234
216
226
220
288
239
280
263
255
267
228
223
223
225
236
231
229
224
216
243
227
245
220
235
248
233
248
215
205
201
212
210
211
183
200
220
215
210
240
251
245
258
307
320
428
465
495
484
457
419
335
299
292
266
254
218
209
181
232
207
222
233
197
211
208
211
187
195
205
197
161
182
210
176
210
197
204
185
239
226
221
255
284
305
318
366
400
351
369
349
316
252
228
223
226
205
187
220
213
201
176
218
221
220
256
295
332
387
375
379
305
243
252
199
211
222
213
179
208
221
230
225
215
212
207
184
201
205
208
215
199
231
207
189
221
217
196
180
224
208
174
212
223
189
205
194
178
194
209
200
188
199
204
206
179
233
209
187
183
183
220
204
206
211
203
237
228
242
266
249
248
253
215
247
209
206
176
188
227
202
177
180
191
198
203
187
222
191
223
228
232
272
287
258
305
296
317
332
325
316
336
317
334
298
285
257
245
294
327
418
530
776
890
1098
1125
1137
982
733
581
453
399
477
623
827
1123
1393
1524
1428
1219
943
586
450
335
284
286
283
305
302
372
440
457
565
560
547
572
459
389
349
299
298
255
338
322
400
540
663
866
973
1019
835
709
523
419
322
277
277
247
254
287
277
290
295
296
281
299
314
301
302
264
305
251
299
301
293
271
223
268
272
250
257
251
213
272
266
252
281
258
269
269
266
269
234
252
252
265
255
249
269
281
250
255
276
243
238
274
246
258
250
255
273
320
302
326
373
373
388
389
325
318
280
298
275
250
282
267
244
292
302
249
265
281
241
246
258
253
249
272
267
259
269
301
276
274
282
290
285
259
284
299
259
262
248
244
283
262
266
255
242
252
260
298
271
284
299
325
432
427
530
548
600
620
586
501
518
506
568
675
801
968
1102
962
818
662
482
408
301
302
270
270
275
271
267
282
273
325
308
316
376
329
342
342
350
379
384
452
429
479
446
408
351
300
303
299
257
275
251
283
284
263
254
256
292
300
298
297
249
255
280
285
251
272
264
261
277
275
260
274
276
274
303
273
286
315
322
392
349
343
347
357
336
273
293
274
289
286
292
267
280
280
293
270
323
292
272
303
298
289
309
295
302
311
296
308
330
314
313
307
317
319
311
305
296
303
293
307
295
335
292
330
323
340
267
297
295
318
348
320
349
313
374
337
336
341
311
301
297
292
284
300
298
280
311
331
298
303
263
283
285
338
315
305
341
297
295
286
315
280
310
297
266
271
286
289
277
271
283
291
304
294
286
288
277
303
290
315
314
303
286
295
286
310
308
285
306
294
291
308
269
280
301
301
268
279
294
303
255
277
257
281
283
273
295
279
315
313
300
280
302
294
288
290
280
310
309
346
293
274
274
278
296
297
286
305
293
345
347
279
304
287
297
247
301
260
298
309
283
281
293
303
282
265
288
310
280
302
303
307
304
299
299
316
308
354
418
528
598
709
729
747
681
611
504
446
396
358
358
274
287
293
277
300
281
305
290
312
299
299
294
272
274
289
286
302
310
271
293
294
290
322
304
314
303
321
299
305
308
275
261
293
313
325
291
324
247
267
280
335
287
337
328
326
294
299
289
285
296
315
307
309
303
315
368
343
353
330
275
277
306
253
294
285
266
264
269
286
277
279
323
321
332
373
335
343
330
301
291
268
319
280
276
316
276
252
273
273
268
254
261
259
246
255
245
255
243
263
212
235
256
233
253
236
251
233
238
235
260
255
244
242
237
227
243
227
255
207
259
261
228
232
241
256
249
221
229
211
232
229
215
226
200
226
232
225
226
224
224
230
221
223
235
243
215
240
232
250
270
249
270
268
259
266
282
297
289
331
304
297
289
235
221
222
251
235
249
231
218
248
223
228
239
206
242
238
234
252
194
208
258
220
227
221
228
200
277
228
244
244
245
240
254
257
249
278
302
344
378
403
391
346
286
335
256
234
228
253
212
229
263
222
262
264
259
264
263
239
261
262
253
250
268
249
243
252
257
267
260
237
241
308
340
374
422
435
469
506
459
431
396
344
323
315
274
287
264
243
262
275
286
289
284
306
284
298
337
371
413
430
448
454
460
413
364
345
300
291
277
260
273
302
295
355
407
612
790
1093
1424
1845
1979
1926
1663
1328
1044
1044
1204
1694
2561
3651
4809
5887
6571
6801
5834
4883
3500
2271
1390
846
624
456
487
443
545
610
675
824
920
916
830
771
587
504
430
368
402
399
385
375
382
350
381
384
406
359
388
377
367
379
366
391
378
385
363
364
383
387
369
381
377
349
383
363
377
384
413
383
389
382
404
386
401
368
392
386
392
377
393
418
366
377
401
379
354
379
397
385
395
346
346
368
386
355
397
375
374
397
380
333
384
352
393
375
384
427
384
419
429
512
564
496
525
478
453
441
434
392
419
390
408
395
367
383
400
385
376
366
354
401
393
401
372
365
367
409
362
358
399
422
367
414
375
377
373
372
399
394
388
354
387
361
366
393
344
384
371
363
381
382
429
534
581
732
788
895
857
865
733
602
495
437
409
389
388
425
349
400
366
389
360
367
386
382
399
360
360
408
390
371
391
385
391
368
410
374
363
357
376
366
387
426
416
445
406
438
377
375
389
395
394
393
381
373
388
385
388
380
371
390
389
390
374
399
411
358
413
404
391
385
393
366
359
402
392
386
384
351
367
364
391
364
393
360
401
360
407
360
386
408
381
418
366
415
400
398
422
442
396
413
393
403
406
438
393
442
432
421
362
418
414
420
384
401
365
393
398
399
422
367
426
425
461
415
391
416
451
484
395
445
423
498
481
470
524
506
551
488
436
411
413
397
380
435
423
399
390
434
412
374
417
391
403
413
397
427
423
402
396
374
388
422
390
373
416
355
419
422
444
349
396
363
408
391
390
430
409
415
386
404
415
433
375
404
384
416
416
455
379
390
403
414
373
393
391
387
387
384
360
389
393
382
420
411
424
397
396
434
435
380
383
419
403
370
386
424
386
402
383
379
374
380
386
390
397
409
370
392
377
418
378
354
357
356
372
367
316
326
335
333
321
331
371
328
306
362
332
348
372
351
336
319
367
326
353
344
355
335
350
348
318
340
353
317
309
301
367
317
332
307
332
338
352
320
311
318
325
300
280
298
329
324
291
314
314
315
324
309
316
303
334
301
324
297
296
314
303
291
338
288
318
335
311
322
309
326
334
363
305
311
316
322
333
314
321
345
323
315
288
276
302
303
342
356
398
473
565
596
585
610
532
497
430
344
272
304
293
312
264
303
288
279
249
273
263
240
252
249
254
249
230
217
231
245
234
242
241
249
229
233
235
217
213
245
226
216
216
222
201
210
199
207
199
217
194
200
190
193
188
190
197
193
197
170
174
174
193
159
201
206
167
196
159
159
169
175
168
168
153
158
153
169
177
141
174
133
157
149
134
156
135
141
135
160
143
144
126
141
157
160
153
171
162
156
146
229
192
213
229
248
276
253
233
214
201
166
130
125
106
123
127
111
106
122
125
100
111
99
112
107
110
101
92
104
114
115
125
112
103
94
101
112
136
89
107
137
128
161
193
192
244
319
325
281
262
260
190
130
116
111
119
108
96
102
106
125
116
109
116
104
113
90
91
110
104
95
96
98
115
89
112
93
106
121
117
179
214
281
341
426
511
463
384
342
251
204
151
122
86
85
100
98
85
102
92
98
117
98
104
137
123
135
120
120
124
104
92
106
100
89
103
90
86
92
109
97
98
98
90
88
89
100
99
121
115
116
142
241
387
816
1440
2545
4152
6037
7980
9574
9974
9347
7530
5135
3146
1673
805
335
166
88
75
76
82
80
71
75
65
79
74
73
71
71
65
69
74
96
65
71
57
62
67
76
48
68
71
55
66
67
59
67
61
67
60
73
67
64
71
64
70
44
50
57
62
63
55
56
67
56
64
61
71
53
62
78
62
63
75
57
67
64
62
54
74
50
65
67
60
66
49
54
72
62
77
74
69
74
66
72
65
88
67
85
73
77
89
74
74
70
80
64
76
62
62
63
56
64
59
61
56
61
61
66
74
57
66
67
56
55
74
72
69
63
57
56
69
49
58
52
48
65
63
76
75
52
63
61
83
74
69
62
62
53
69
56
46
57
48
64
53
74
58
63
73
54
58
58
35
49
55
56
64
70
59
58
52
56
74
77
64
67
57
71
66
83
102
118
118
147
145
123
108
95
91
79
61
81
73
80
95
108
100
134
108
100
74
65
63
58
40
65
58
58
54
66
67
52
53
59
45
54
44
61
58
55
56
59
55
60
57
62
48
60
55
58
37
53
44
61
52
53
63
59
59
55
60
52
42
60
63
43
50
42
58
53
56
49
56
65
57
75
82
98
80
98
71
61
59
64
73
62
87
94
119
164
191
206
188
171
120
124
95
73
56
54
74
68
74
81
98
106
116
139
150
183
200
177
205
180
133
124
102
73
104
78
61
47
65
67
68
59
57
55
50
63
50
68
57
42
58
67
52
56
63
54
55
68
69
68
97
91
94
79
104
73
78
77
70
52
74
69
60
65
70
80
65
63
67
58
63
65
68
62
62
62
38
72
54
61
66
50
75
66
60
53
72
64
57
60
65
75
47
62
76
57
46
44
52
62
79
75
103
102
143
168
184
175
177
183
154
123
78
83
80
72
54
80
58
63
75
78
70
67
83
92
101
89
101
92
72
76
63
67
69
71
74
71
62
75
69
64
57
60
61
62
62
68
62
60
66
68
60
76
84
74
56
68
59
60
68
58
62
63
78
113
112
145
157
130
121
127
111
93
89
102
63
80
64
76
83
82
80
80
73
96
77
100
96
95
107
122
130
138
139
136
82
102
77
100
80
121
169
225
299
427
510
575
539
485
383
282
207
144
158
163
194
219
246
208
188
157
137
114
96
90
81
63
69
65
83
72
62
80
82
70
79
82
95
97
102
117
135
116
107
124
105
110
108
98
103
96
72
83
74
62
63
66
59
78
69
69
90
70
57
80
62
77
62
79
77
63
79
59
67
84
62
75
61
61
72
81
66
81
63
60
60
55
55
75
66
70
67
69
70
62
71
71
74
75
69
72
89
92
64
77
83
73
66
63
72
67
57
70
84
75
71
59
87
65
82
71
50
77
82
67
57
62
64
81
69
61
60
84
69
80
80
73
70
68
73
78
80
68
71
76
77
70
77
80
84
75
82
61
76
68
73
63
66
73
73
72
68
87
81
85
90
88
62
66
80
82
78
73
67
69
60
68
67
72
56
71
55
76
67
79
70
89
61
71
72
61
92
79
78
74
72
63
86
72
72
80
68
84
86
92
101
104
97
117
82
93
96
76
75
72
86
74
80
86
80
71
69
81
71
88
84
71
74
56
65
83
64
60
71
57
91
72
97
66
83
86
65
106
96
95
104
89
58
82
64
79
88
90
73
62
76
81
73
68
78
73
80
67
68
74
78
54
73
78
89
70
60
65
64
76
75
74
77
64
61
77
73
71
69
76
85
75
72
90
77
73
63
76
79
61
71
77
77
90
61
60
68
73
68
72
64
80
65
67
90
82
80
89
70
66
81
73
69
66
74
59
61
85
71
61
76
71
67
69
67
71
63
65
69
64
84
77
76
71
118
79
62
84
81
64
86
60
69
54
85
85
77
64
59
84
88
70
83
75
68
53
75
68
68
66
65
65
53
71
72
73
44
72
72
58
66
64
65
58
79
69
72
62
59
70
56
54
66
55
51
74
59
59
52
60
76
66
63
67
76
64
53
50
67
64
64
71
60
60
50
59
67
61
62
64
72
66
76
107
106
130
144
156
174
130
119
108
74
67
70
88
66
83
57
80
66
58
61
46
68
54
75
56
72
52
62
57
61
63
70
57
65
73
57
56
71
66
72
71
56
65
65
72
78
66
69
44
68
49
51
74
60
63
65
76
62
74
61
67
78
83
58
63
66
64
71
67
59
63
73
73
79
55
62
64
83
71
64
76
73
78
97
131
197
276
369
493
610
719
779
848
727
602
463
342
215
152
111
113
96
103
136
130
192
232
325
472
527
707
740
738
694
605
465
305
238
155
133
102
100
90
94
80
76
89
86
106
95
84
82
107
95
71
94
85
98
86
102
74
104
100
104
110
134
133
112
136
114
101
107
105
82
104
98
99
77
75
79
77
97
88
77
82
102
94
96
68
89
101
73
80
96
99
69
97
93
104
116
96
98
110
95
90
97
95
69
79
90
78
83
83
92
89
109
135
156
177
213
221
208
252
220
204
165
143
109
113
72
80
105
97
103
106
123
130
160
178
212
237
282
256
239
221
197
143
124
109
88
76
90
79
83
84
89
73
77
95
82
63
68
86
80
76
93
81
85
81
85
99
79
79
85
84
88
81
95
110
91
148
142
159
148
188
153
155
139
127
87
92
96
76
80
70
90
85
93
89
96
86
109
97
121
127
106
113
110
109
97
91
75
112
88
92
83
86
82
97
115
114
117
119
89
113
89
102
121
149
198
224
253
328
325
302
248
184
143
120
106
100
91
88
91
81
99
82
97
78
96
86
92
91
86
84
94
121
117
125
134
134
136
152
138
116
99
106
98
95
78
67
93
97
89
69
85
96
86
72
79
70
91
75
93
72
94
73
70
63
75
84
90
91
85
85
71
80
82
91
75
74
77
86
67
89
96
79
93
77
74
72
97
71
82
85
87
99
88
118
72
81
91
95
86
78
73
93
80
82
84
97
103
79
83
79
92
97
71
90
79
94
89
93
73
89
78
78
88
82
82
96
66
87
75
86
91
91
100
97
71
71
85
73
84
99
88
89
83
91
93
68
73
94
76
86
79
72
74
89
65
72
86
69
85
80
78
92
78
80
102
80
77
84
69
72
86
67
79
68
72
64
77
63
86
77
59
80
77
87
85
77
77
87
77
74
67
68
85
75
98
99
123
117
109
97
98
86
75
89
82
87
81
56
75
74
95
79
78
80
70
74
64
76
67
65
84
69
74
53
71
62
64
62
66
75
80
62
58
67
63
70
57
60
57
62
66
65
64
65
86
69
58
60
79
65
73
57
79
62
64
60
54
69
69
60
55
53
50
64
50
71
56
47
54
58
56
58
65
60
67
55
49
54
64
62
57
48
54
55
50
59
50
59
56
42
58
47
55
50
50
51
47
50
43
52
55
54
52
56
45
44
53
53
48
58
41
38
39
46
32
52
48
58
34
38
42
31
46
54
49
35
42
37
34
42
45
47
40
41
36
37
42
38
41
33
41
33
26
37
28
35
37
28
25
35
32
38
35
27
28
37
26
35
48
36
27
36
38
22
37
34
30
27
24
30
30
31
29
28
23
28
18
22
24
23
24
28
18
27
18
24
34
20
24
17
31
20
25
26
22
20
23
22
22
15
30
27
24
23
27
20
30
25
19
27
27
13
20
11
23
27
23
15
23
22
22
21
19
23
20
18
20
24
26
12
17
27
24
21
13
25
13
17
17
15
14
20
33
16
21
28
16
13
20
26
17
15
17
18
18
25
16
18
19
18
19
18
18
12
22
18
16
13
25
19
18
15
10
24
18
15
13
19
17
20
20
19
11
33
22
19
18
13
24
18
25
61
74
111
172
312
487
652
763
851
906
913
713
440
336
183
89
67
29
27
27
44
51
126
168
273
348
534
632
747
722
698
627
427
294
183
78
39
19
14
13
12
9
9
4
11
9
6
6
14
10
5
8
13
8
6
13
8
9
9
5
7
2
5
11
5
4
6
8
11
9
8
10
5
8
10
8
7
3
9
4
7
6
11
6
4
9
4
6
10
10
12
12
24
24
25
33
25
26
28
15
13
20
12
8
7
5
6
3
6
2
7
11
4
8
8
10
2
7
4
5
10
7
5
8
9
4
7
4
7
10
17
19
35
61
74
109
161
193
259
219
150
161
103
65
43
22
10
9
6
3
4
4
6
8
1
3
5
6
9
5
4
7
4
10
4
2
5
5
4
4
3
6
6
9
4
8
1
4
7
5
6
4
7
4
6
2
4
3
5
7
2
6
7
5
10
15
11
24
27
34
51
50
33
56
51
27
30
28
13
12
13
8
5
2
8
9
5
4
3
2
5
9
6
3
11
9
10
22
23
20
27
46
37
28
26
17
16
17
13
23
25
20
34
37
38
43
35
26
20
9
8
4
9
6
4
6
4
7
8
7
3
6
6
6
6
6
5
2
2
5
12
8
5
5
11
6
8
4
7
7
10
9
4
9
5
6
3
7
4
4
7
2
2
5
5
6
4
5
4
6
10
4
7
4
8
7
3
6
4
7
3
4
6
7
13
6
7
16
10
9
3
5
9
3
7
12
9
11
7
15
9
12
14
12
10
8
19
12
4
5
7
4
9
9
4
7
6
6
2
6
8
8
5
4
2
4
6
4
4
4
8
4
5
7
4
9
3
8
5
7
5
4
6
5
7
10
5
3
3
1
3
6
2
6
3
6
3
5
4
6
7
7
4
6
6
9
8
8
6
4
4
6
7
2
8
8
7
9
8
10
8
6
4
7
11
3
3
7
6
8
6
8
4
5
5
6
8
7
9
4
4
5
2
4
4
7
7
9
8
11
7
15
2
1
9
10
4
4
5
2
3
4
7
6
6
8
3
6
4
9
4
12
12
10
10
23
19
25
37
32
50
52
43
21
38
16
12
9
6
5
9
7
8
9
3
6
11
8
6
9
7
9
8
6
9
11
3
8
7
8
6
10
7
3
5
3
4
7
6
8
10
6
10
5
6
6
5
6
4
8
9
7
10
8
4
9
3
17
10
10
6
4
6
7
3
7
9
9
3
4
7
7
4
11
2
7
8
2
9
10
4
8
7
5
9
11
2
8
8
14
6
9
2
6
6
6
6
8
6
8
7
15
5
8
11
4
13
10
6
4
6
8
5
4
4
5
9
7
9
3
7
3
7
10
4
4
6
4
7
9
3
6
5
8
2
9
8
6
6
10
8
9
6
9
7
9
9
12
19
13
11
12
11
17
12
5
4
2
7
7
7
5
3
6
4
5
6
5
12
6
3
9
9
13
9
6
6
7
2
7
7
8
8
4
6
3
2
7
8
4
3
6
4
8
6
8
3
7
5
8
5
8
5
6
7
6
10
8
1
7
5
8
3
4
11
4
3
5
3
6
2
9
5
3
6
5
5
10
6
11
10
13
15
18
16
8
14
19
6
5
5
7
3
9
11
5
8
1
5
3
8
4
5
6
6
8
7
6
4
4
4
10
5
9
3
7
12
12
13
12
10
5
6
8
10
7
4
15
6
8
10
10
8
5
8
10
3
8
2
3
5
4
4
7
7
8
6
11
6
5
5
6
5
5
6
4
6
5
5
2
5
1
6
2
8
4
8
5
7
2
3
8
6
3
6
4
7
8
4
4
5
6
7
8
5
4
8
3
4
4
5
5
4
8
2
8
6
5
6
3
4
9
2
4
7
2
4
8
7
2
6
7
7
3
8
5
1
8
5
5
3
4
5
7
4
5
4
6
10
2
3
4
3
5
8
6
6
5
3
2
5
2
4
1
5
4
3
2
2
5
6
4
5
11
5
3
5
7
6
3
1
10
3
4
5
6
3
5
7
8
6
8
4
7
11
3
9
2
6
5
3
3
5
6
6
13
15
17
20
12
27
12
15
13
5
3
5
3
5
5
4
10
10
7
6
5
4
8
5
8
3
4
4
9
5
8
3
5
4
4
3
3
5
5
3
7
5
4
6
8
8
10
10
17
14
21
18
18
17
20
28
14
6
8
10
7
7
10
4
4
7
2
7
7
4
4
5
3
2
6
4
6
7
5
1
5
4
6
7
4
9
3
5
9
6
6
2
5
3
5
6
3
7
7
4
2
1
9
2
6
3
1
3
4
8
6
8
6
3
2
9
2
3
7
1
6
14
4
6
6
0
12
7
4
9
8
12
10
12
15
17
18
12
22
25
18
23
27
23
27
29
24
11
10
17
8
5
3
6
4
8
6
11
6
7
3
9
3
1
4
4
5
3
0
4
2
5
5
6
5
5
5
4
5
6
4
4
3
5
2
2
5
3
1
4
2
1
3
3
3
3
6
3
7
2
3
6
6
1
5
5
5
3
7
5
3
7
6
7
6
6
5
5
4
5
5
3
2
2
7
3
7
7
6
4
5
3
10
6
3
4
0
5
2
5
2
7
5
6
5
6
4
4
1
3
5
5
3
4
4
3
4
3
4
4
1
6
3
5
9
9
8
4
6
7
5
7
12
16
19
25
32
37
46
47
39
33
24
17
11
12
6
9
4
6
8
3
9
7
10
4
5
6
13
10
9
10
8
9
11
6
6
2
10
2
5
3
5
7
6
11
2
4
4
3
5
4
3
2
4
2
10
4
7
9
4
4
6
7
5
6
2
3
3
5
3
9
3
2
4
7
7
5
5
5
8
3
1
3
4
3
4
4
4
7
2
8
7
7
2
9
12
2
7
8
3
4
8
5
4
8
6
5
3
4
3
4
4
8
1
7
5
6
1
5
1
2
2
8
4
1
4
2
8
2
7
1
6
5
5
1
2
4
8
1
7
5
3
6
6
5
7
3
3
5
6
9
5
7
6
10
11
13
14
12
12
6
6
9
14
5
7
7
6
7
3
8
4
3
3
0
7
4
2
3
2
5
5
9
2
10
5
6
5
4
6
6
2
5
5
7
4
10
7
6
7
5
3
4
4
6
5
4
7
7
2
1
6
5
7
9
4
5
8
7
2
5
3
3
1
2
5
2
6
5
7
5
4
7
2
6
9
8
13
11
21
22
21
22
20
20
10
11
2
6
2
4
8
6
4
4
8
5
7
5
5
2
3
6
3
7
1
4
4
5
5
4
6
4
9
5
4
4
4
3
4
6
4
0
5
3
6
7
4
2
5
2
0
3
3
3
2
3
5
5
4
5
4
6
4
4
5
2
3
3
4
4
2
4
2
3
5
6
6
6
5
8
4
5
7
4
7
4
4
6
3
3
1
1
4
8
4
6
2
5
4
3
5
1
3
2
5
5
5
4
3
2
3
3
4
8
3
2
4
7
1
4
2
2
6
3
5
2
5
3
3
5
4
5
0
3
5
3
4
5
6
7
6
8
4
6
6
10
2
10
7
2
2
3
6
6
3
5
8
6
4
7
2
5
2
2
5
7
6
3
4
6
9
4
3
8
6
2
2
5
4
3
6
4
4
7
0
6
7
3
5
7
3
7
5
6
7
2
7
6
15
27
32
33
50
55
77
82
82
91
68
58
29
43
18
9
6
7
3
6
5
9
6
7
7
6
5
8
3
6
9
2
1
6
8
6
5
8
4
1
5
5
7
5
10
7
3
4
8
8
6
4
9
4
4
0
4
5
1
6
3
6
9
10
6
5
4
3
9
8
7
3
6
6
7
6
2
3
6
5
7
4
3
3
5
7
10
4
5
6
8
7
6
5
10
5
5
5
6
8
7
6
4
1
2
5
1
6
4
5
9
2
4
6
8
11
5
1
6
5
4
2
4
4
8
8
4
10
5
6
6
9
5
0
6
7
5
6
11
12
14
14
29
26
26
28
25
23
19
19
15
12
5
9
7
5
7
5
6
7
4
4
3
9
6
2
8
7
7
3
6
5
3
5
8
8
3
2
4
2
3
6
5
2
1
2
3
11
6
4
4
2
4
2
5
5
3
6
3
1
2
7
7
5
6
2
5
8
5
1
5
5
3
8
3
5
4
7
4
1
3
4
4
2
2
3
7
5
3
10
2
2
6
4
4
5
5
4
5
2
5
5
7
5
7
9
3
8
5
3
10
3
8
7
7
7
10
5
2
3
8
4
6
4
5
5
4
6
3
4
7
4
3
1
2
2
3
8
2
5
0
5
9
7
2
9
2
6
1
3
5
3
6
2
8
3
3
13
4
13
9
6
12
15
6
13
9
7
4
3
7
7
5
6
5
4
6
4
1
7
5
8
9
5
6
4
5
5
6
8
6
4
3
1
6
4
11
6
3
7
5
8
6
6
4
6
2
6
2
4
2
7
0
6
3
7
6
2
7
4
3
2
2
3
5
4
5
6
0
4
5
3
5
3
8
4
5
1
4
6
4
3
5
4
7
5
4
4
4
10
6
3
6
1
0
5
3
3
6
3
6
3
1
3
5
5
4
2
2
6
2
3
3
4
4
6
3
4
0
4
4
5
4
5
4
4
1
2
3
3
4
5
12
0
5
6
6
4
2
6
1
1
3
3
4
5
2
5
9
6
5
2
5
8
4
9
5
5
3
3
6
4
3
1
5
3
0
3
5
5
2
1
6
4
3
1
2
3
3
4
3
2
2
5
2
3
4
5
1
1
2
3
2
4
2
1
3
1
2
3
4
3
3
2
2
2
2
8
8
5
3
6
11
5
16
9
3
3
5
2
3
1
3
3
3
4
4
4
2
0
2
1
4
1
2
1
2
1
3
3
1
1
1
2
0
2
4
3
0
0
2
3
0
2
1
0
1
2
2
2
2
0
0
1
1
2
0
2
1
3
3
1
0
0
0
2
3
2
3
0
2
2
1
1
2
1
1
1
5
3
4
3
5
5
6
5
1
4
1
3
1
3
3
0
1
0
1
0
2
0
1
0
1
1
1
3
0
3
1
1
1
0
1
0
0
1
2
0
0
2
1
1
4
1
5
3
0
4
2
2
1
2
2
2
2
1
0
1
0
3
1
2
2
2
1
3
1
1
1
0
0
1
2
1
1
0
3
2
1
1
2
3
0
2
1
1
1
0
1
2
2
1
1
1
1
1
0
0
0
2
1
1
0
0
1
4
1
0
1
1
0
2
1
3
1
2
1
0
2
0
0
1
7
8
22
21
34
48
48
55
72
66
65
59
40
23
30
11
2
5
2
2
0
3
0
3
0
0
1
1
0
0
2
1
0
1
0
2
0
3
0
0
1
0
2
0
0
1
1
2
0
1
3
1
1
0
3
0
0
2
0
0
0
1
0
1
0
0
1
0
2
1
0
0
0
1
2
1
2
3
1
0
1
0
0
2
0
5
0
1
2
1
2
1
1
1
0
0
1
0
1
0
0
2
1
1
0
1
0
2
2
0
0
1
0
0
1
0
1
0
1
0
1
0
0
0
1
1
1
0
1
1
4
2
3
1
3
0
0
0
1
1
0
0
0
0
3
1
1
1
0
0
3
2
0
0
1
0
1
0
1
0
1
0
1
3
2
0
1
0
0
0
0
0
0
1
1
0
0
2
2
0
1
1
2
0
1
1
0
0
0
0
0
0
1
1
1
1
0
0
0
2
0
0
0
1
2
0
1
1
0
0
3
2
0
0
0
1
0
0
1
0
0
2
0
0
1
0
0
1
1
1
0
0
0
1
0
3
2
0
1
2
1
1
1
0
0
0
1
0
1
2
2
0
1
1
0
3
1
2
3
1
0
0
1
0
3
3
0
2
2
0
2
0
1
0
0
1
1
1
0
1
0
0
0
0
0
1
0
1
0
3
0
2
0
0
1
0
0
1
1
3
1
2
1
0
0
0
1
1
1
0
2
1
2
1
2
0
2
1
1
0
0
1
0
1
1
2
2
1
1
1
2
1
1
1
1
1
2
3
2
5
1
3
4
0
1
1
1
2
0
0
0
1
1
1
0
1
1
1
1
1
1
2
1
1
0
1
1
1
0
2
0
1
4
1
2
0
2
1
0
1
0
0
1
1
1
1
0
0
2
1
1
1
2
0
1
0
1
0
0
2
1
0
1
0
0
0
3
0
2
1
2
4
1
5
2
3
1
0
1
1
2
1
0
2
0
1
0
3
0
0
0
0
1
0
1
0
0
1
1
0
1
0
1
0
0
1
1
0
1
1
0
1
0
0
1
2
2
1
0
0
0
1
0
0
0
2
1
1
2
1
0
2
0
1
1
1
3
0
3
0
1
2
0
3
1
3
1
0
2
3
1
0
0
1
1
0
2
0
0
1
0
1
0
1
1
4
0
1
0
1
0
0
1
2
1
0
0
3
1
0
0
2
0
1
0
1
0
1
0
1
0
1
3
3
1
1
0
2
1
0
0
1
1
1
0
0
2
0
4
1
0
0
1
0
1
2
1
1
2
0
0
0
0
0
1
0
4
2
1
0
0
1
0
3
0
1
0
1
1
0
0
1
1
0
1
1
0
1
0
1
1
2
1
2
4
3
4
3
2
1
1
4
1
1
1
1
1
1
0
0
0
2
1
1
0
0
0
0
0
0
2
0
0
1
1
0
1
0
1
1
1
0
0
1
0
0
3
0
3
0
1
1
1
0
0
3
2
0
1
0
0
1
3
0
2
3
0
1
2
1
1
2
1
2
1
0
1
0
0
0
1
2
1
1
2
1
0
1
0
1
1
2
1
1
2
0
3
0
1
3
0
0
1
2
0
0
0
1
1
1
1
2
2
1
1
1
3
3
0
0
0
1
1
4
1
4
2
1
1
8
10
11
9
8
12
6
6
2
3
1
0
5
1
0
1
2
2
1
6
0
1
0
0
2
1
2
1
1
0
1
0
1
1
2
2
0
2
0
1
0
1
1
1
2
2
4
3
0
3
0
3
3
1
0
2
0
1
1
2
2
3
2
1
0
2
2
3
0
2
1
3
1
0
1
1
3
3
0
3
4
0
2
1
1
3
3
4
4
0
0
0
4
1
2
1
2
1
0
5
0
1
2
3
3
1
2
1
3
0
1
2
2
0
1
3
0
1
0
1
5
3
2
2
1
2
2
1
2
3
2
1
0
3
1
0
0
2
2
1
1
1
0
1
2
2
0
1
0
1
0
1
3
1
1
4
0
1
4
0
1
0
3
1
0
1
1
4
2
3
5
4
1
0
1
2
1
0
0
2
2
1
0
0
0
2
1
1
3
1
3
3
3
3
1
1
0
2
0
3
1
2
2
1
2
1
0
1
3
1
0
1
0
0
2
1
3
0
1
1
0
1
1
1
3
0
3
0
3
0
1
1
3
2
3
3
1
1
1
0
1
0
1
2
2
3
2
1
2
2
1
0
0
0
1
0
1
1
1
1
2
1
4
0
0
3
1
0
2
2
2
1
2
0
1
2
2
3
0
1
0
1
1
0
3
1
2
1
1
1
4
2
4
0
1
0
2
0
2
0
2
0
2
2
3
1
5
2
2
2
2
2
0
1
3
0
2
4
0
1
1
2
1
1
1
1
4
1
0
3
2
4
1
1
3
2
4
1
0
2
0
0
2
1
3
1
0
0
1
3
2
1
5
3
0
0
4
1
1
4
2
0
1
3
1
1
3
1
2
2
2
2
0
2
1
0
1
7
0
3
1
1
2
4
5
3
2
1
3
2
1
1
2
1
1
5
1
1
1
3
0
4
3
4
5
2
8
5
9
3
3
0
2
3
5
0
4
2
2
3
0
1
1
2
0
2
3
0
2
1
5
1
1
4
4
0
2
2
5
0
2
1
3
2
3
0
0
3
1
3
3
0
1
0
4
0
1
1
0
3
2
0
2
3
4
3
1
1
1
2
2
4
4
1
4
1
0
4
1
1
1
3
1
1
2
3
2
2
0
4
0
3
1
0
1
3
3
1
2
2
4
4
0
5
4
0
2
2
0
0
2
1
5
1
1
1
2
4
1
3
0
5
1
0
1
2
0
1
4
2
1
1
1
1
2
3
1
1
2
4
2
0
3
3
0
1
1
1
0
2
1
0
2
1
3
2
0
0
2
1
2
0
3
1
1
0
1
0
0
2
2
2
3
1
1
0
2
3
3
3
1
1
1
2
1
3
2
0
1
3
0
2
1
3
1
4
1
2
1
3
0
0
0
1
1
2
3
5
3
1
0
3
2
2
2
2
1
1
0
3
3
2
2
1
1
2
1
2
2
0
2
0
1
2
1
2
4
2
3
3
1
2
2
1
1
1
3
0
2
1
1
1
1
1
3
3
3
2
2
1
1
1
2
2
2
1
2
1
1
2
1
3
4
1
1
1
1
2
3
2
2
3
1
3
1
2
3
1
1
1
2
1
0
3
2
1
2
1
1
3
2
4
5
4
2
4
2
2
12
16
14
25
28
39
39
51
42
43
39
30
24
26
17
10
7
2
4
2
4
4
3
1
2
2
3
5
3
2
3
3
1
8
3
0
1
3
2
3
1
4
2
1
1
1
3
2
3
5
5
2
2
1
3
3
3
1
2
5
2
3
0
3
0
2
3
3
3
1
2
4
1
5
4
2
7
2
5
1
3
3
2
1
2
1
2
3
4
2
5
2
1
4
1
5
3
3
4
3
1
3
3
4
2
1
4
2
3
3
6
0
3
2
1
3
3
0
1
0
3
2
2
0
1
2
2
2
2
7
2
2
1
3
0
4
3
1
3
1
2
1
3
3
2
5
2
0
3
3
2
4
1
4
1
4
1
4
2
1
4
4
4
5
1
3
3
2
1
1
3
2
1
1
1
1
6
1
3
3
4
0
0
4
1
2
1
2
0
1
0
1
1
4
2
2
2
1
3
0
4
2
3
1
1
0
0
1
5
1
1
2
1
3
4
3
2
6
5
1
0
1
2
2
0
3
0
3
4
0
1
0
2
2
1
0
2
3
4
1
2
3
3
0
1
2
2
3
6
0
1
1
3
3
0
0
1
2
1
2
2
2
3
4
1
2
2
2
1
1
2
3
3
1
1
0
2
2
2
3
1
2
2
4
1
1
2
2
0
5
2
2
1
2
3
5
2
3
2
4
2
1
2
5
2
1
1
2
2
1
2
0
0
2
3
0
1
3
4
0
1
3
1
2
0
2
4
2
0
2
1
1
1
1
1
1
1
4
4
1
3
2
0
1
3
2
1
0
1
2
3
4
1
1
1
5
2
3
2
2
2
3
4
3
0
3
3
1
0
2
3
5
4
1
3
2
4
3
1
3
1
0
2
1
2
4
2
2
3
0
3
5
3
3
2
2
1
1
1
1
2
0
2
1
3
1
3
2
6
4
6
4
0
9
4
4
2
2
0
2
2
2
1
0
3
2
0
1
1
0
1
2
4
1
0
1
1
4
3
0
1
1
2
1
1
0
2
3
3
0
3
1
1
1
2
2
0
3
1
0
2
3
2
5
1
2
1
1
2
2
2
1
2
2
5
1
4
0
0
1
0
0
2
0
1
1
1
0
2
1
1
2
3
0
0
0
0
1
0
3
0
0
2
1
1
1
0
2
0
0
2
0
1
1
1
0
1
2
0
3
1
4
4
1
1
0
2
0
0
1
1
1
0
1
2
5
1
1
0
0
1
0
1
0
1
0
3
0
1
2
1
2
1
2
1
0
0
0
0
1
1
0
0
2
0
0
0
2
2
0
0
2
0
1
1
1
0
2
0
0
1
1
1
1
0
0
1
1
0
2
0
0
0
2
0
0
2
2
2
3
0
0
1
1
0
0
0
0
0
2
0
0
0
0
1
0
0
0
0
0
0
0
0
0
0
0
0
0
1
2
0
1
0
0
0
0
0
0
0
0
0
0
0
0
0
1
1
0
0
0
0
1
0
1
1
0
0
0
1
0
0
1
1
0
0
0
0
0
0
0
0
0
0
1
0
0
0
0
0
0
2
0
0
1
0
1
0
1
0
1
1
0
0
0
0
0
1
0
0
2
1
0
0
1
0
0
0
1
1
1
1
2
5
4
5
11
12
18
27
26
33
35
26
31
25
23
14
9
2
4
1
1
2
0
0
1
0
0
1
0
1
0
0
0
0
0
0
0
0
0
0
0
0
0
0
0
0
0
0
0
0
0
3
0
1
1
0
0
0
0
0
0
0
0
0
1
0
0
0
0
1
0
2
0
0
0
0
0
0
0
0
0
0
0
0
0
0
0
1
1
0
0
0
0
0
0
1
0
0
0
0
0
0
2
0
0
0
0
0
0
0
0
1
0
0
0
0
0
0
0
0
0
0
0
0
0
0
0
0
0
0
0
0
0
0
0
1
0
0
0
0
0
0
0
0
0
0
0
0
0
0
0
0
1
0
0
0
0
0
0
0
0
1
0
0
0
0
0
1
0
1
1
0
0
0
0
0
1
0
0
0
0
0
0
0
0
0
0
0
1
0
0
0
0
0
0
0
0
0
0
0
0
0
1
0
0
0
0
0
0
0
0
0
0
0
0
0
0
0
0
0
1
0
0
0
0
0
0
0
0
0
0
0
0
0
0
0
0
0
0
0
0
0
0
0
0
0
0
1
0
0
0
1
0
0
0
0
0
0
0
0
0
0
0
0
0
0
0
0
0
0
0
0
0
0
0
0
0
0
0
0
0
0
0
0
0
0
0
0
0
0
0
0
0
0
0
0
0
0
0
0
0
0
0
0
1
0
0
0
0
0
0
0
0
0
0
0
0
1
0
0
0
0
0
0
0
0
0
0
0
0
0
1
0
0
0
0
0
0
0
0
0
0
0
1
0
0
0
0
0
0
1
1
1
1
0
0
0
0
0
0
0
0
0
1
0
0
0
0
0
1
0
0
0
0
0
0
0
0
1
0
0
0
0
0
0
0
0
0
0
0
0
0
0
0
0
0
0
0
0
0
0
0
0
0
0
0
0
0
0
0
0
0
0
0
0
0
0
0
0
0
0
0
0
0
0
0
0
0
0
0
0
0
1
0
0
0
1
1
0
0
0
0
0
0
0
0
0
0
0
0
0
0
0
0
0
0
0
0
0
0
0
0
0
0
1
0
1
0
0
0
0
0
0
0
0
1
0
0
0
0
0
0
0
0
0
1
1
0
0
0
0
0
0
0
0
0
0
0
0
1
0
0
1
0
0
0
0
0
1
0
0
0
0
0
0
0
0
0
0
0
1
1
0
0
0
0
0
0
1
0
1
0
0
0
0
0
0
0
0
0
0
0
0
0
0
0
0
0
0
0
0
0
0
0
0
0
0
0
0
0
0
0
0
0
0
0
0
0
0
0
0
0
0
0
0
0
1
0
1
1
0
0
0
0
0
0
0
0
0
0
0
0
0
0
0
0
1
0
0
0
0
0
1
0
0
0
0
0
0
1
0
0
0
0
0
0
0
0
0
0
0
0
1
0
0
0
0
2
0
0
0
0
0
0
0
0
0
0
0
0
0
0
0
0
0
0
0
0
0
0
0
0
0
0
0
0
0
0
0
0
0
0
0
0
1
0
0
1
0
0
0
0
0
1
0
0
0
0
0
0
1
0
0
0
0
0
0
1
0
0
0
0
0
0
0
0
0
0
1
0
0
0
0
0
0
0
0
0
0
0
0
0
1
0
1
0
0
0
0
0
0
0
0
0
0
0
1
0
0
0
0
0
0
0
0
0
0
0
0
0
0
0
0
0
0
0
0
0
0
0
0
0
0
0
0
0
0
0
0
0
0
0
1
0
0
0
0
0
0
0
0
0
0
0
0
0
0
0
0
0
0
0
0
1
0
0
0
0
0
0
0
0
0
0
0
2
0
0
0
0
0
0
0
0
0
0
0
1
1
0
0
0
0
0
0
0
0
0
0
0
0
0
0
0
0
0
0
0
0
0
0
0
0
0
0
0
0
0
0
0
0
0
0
0
0
0
0
0
0
0
0
0
0
0
0
0
0
0
0
0
0
1
0
0
0
0
0
0
0
0
0
0
0
0
0
0
0
0
0
0
2
0
0
0
0
1
0
0
0
0
0
0
0
0
0
0
0
0
0
0
0
0
0
0
0
0
0
0
1
0
1
0
0
0
0
0
0
0
0
0
0
0
0
0
0
0
0
1
0
0
0
0
0
0
0
0
1
0
0
0
0
0
0
0
0
0
0
0
0
0
0
0
0
0
0
0
0
0
0
0
0
0
0
0
0
0
0
0
0
0
0
0
0
0
0
0
0
0
0
0
0
0
0
0
0
0
0
1
0
0
0
0
0
0
0
1
0
0
0
0
0
0
0
0
0
0
0
0
0
0
0
0
1
0
0
0
1
0
0
0
0
0
0
0
0
0
0
0
0
0
0
1
0
1
0
0
0
0
0
0
0
0
0
0
0
0
0
0
0
0
0
0
0
0
0
0
0
0
0
0
0
0
0
0
0
0
0
0
0
2
0
0
0
0
0
0
0
0
0
0
0
0
0
0
1
0
0
0
0
0
0
0
0
0
0
0
0
0
0
0
0
0
0
0
0
1
0
0
0
0
0
0
0
0
0
0
1
0
0
0
0
0
0
0
0
0
0
0
0
0
0
0
0
0
0
0
0
0
0
0
0
0
0
0
0
0
0
0
0
0
0
1
0
1
0
0
0
0
0
0
0
1
0
0
1
0
0
0
0
0
0
0
0
0
0
0
0
0
0
1
1
0
0
0
0
0
0
0
0
0
0
0
0
0
0
0
0
0
0
0
0
0
0
0
0
0
0
0
0
0
0
0
1
0
0
0
0
0
0
0
0
0
1
0
0
0
0
0
0
0
0
0
0
0
0
0
0
0
0
0
0
1
0
0
0
0
0
0
0
0
0
0
1
0
0
0
0
0
0
0
0
0
0
1
0
0
0
$ENER_FIT:
-2.1070 0.716005 0.000000e+00
$MCA_CAL:
3
-2.1070 0.716005 0.000000e+00
$ENDRECORD:
