$SPEC_ID:
Sample title.

$MEAS_TIM:
3338.10000 3820.92000
$DATE_MEA:
10/16/2019 11:46:13 AM
$DATA:
0 16383
0
0
0
28
43
8
2
1
0
0
0
0
0
0
3
11
80
1125
3905
5577
6170
6601
6792
6789
6741
6794
6903
6801
6643
6505
6183
5797
5389
5280
4742
4705
4522
4676
4695
4656
4762
5027
5410
6059
5887
5565
5021
4940
4805
4718
4657
4701
4755
4886
4804
5088
5034
5431
6058
7925
10292
11971
10871
8512
6297
5509
5522
5822
6475
7448
7507
6977
6093
5705
5630
5452
5424
5387
5431
5429
5495
5525
5617
5626
5749
5797
5833
5922
5938
5824
6017
6048
6113
6254
6349
6772
6767
6403
6381
6203
6287
6497
7044
7836
8238
9235
10115
10052
9252
9030
9352
10370
13145
14276
12165
8691
7357
8761
12470
15339
14277
10500
7849
7306
7712
8699
9724
10171
9850
9245
7925
6710
5781
5586
5640
5596
5436
5508
5584
5718
5570
5644
5646
5685
5760
6221
7035
8957
10970
10925
8789
7231
6460
6017
6037
5808
5857
5923
5993
6038
5842
5962
6043
6243
6245
6076
6211
6148
6336
6463
6657
8637
11202
12755
11067
8578
7325
6899
6798
6435
6044
5993
6029
5995
6179
6143
6097
6231
6124
6074
6309
6575
6818
7292
7248
6896
6665
6547
6363
6406
6311
6481
6561
6299
6383
6384
6255
6590
6457
6537
6514
6589
6550
6518
6489
6652
6730
6614
6579
6716
6643
6593
6645
6624
6931
6959
6876
6775
6712
6731
6883
7038
7067
7131
7525
8121
8453
8297
7935
7599
7602
7592
7838
10182
17220
29469
37277
31139
18294
10202
7694
7457
7334
7595
9300
14141
20988
23610
18999
12228
8784
7650
7310
7499
7707
7989
8200
8067
7415
7383
7338
7059
7323
7270
7297
7232
7231
7350
7623
8805
10864
11948
10669
8744
7708
7198
7368
7209
7260
7333
7107
7178
7201
7173
7192
7255
7777
9127
11999
13350
11955
9449
8260
7791
7788
7637
7624
7649
7597
7813
8206
7993
7946
7494
7490
7395
7253
7161
7298
7323
7456
7563
7904
8733
9230
9140
8473
7582
7393
7494
7496
7577
7599
7579
7602
7608
7646
7592
7740
7714
7827
7865
8031
7941
7943
7875
8224
7938
8075
8057
8136
8152
8122
7953
8322
8016
7849
8137
8228
8649
8840
8422
8038
8014
8085
8129
8028
8219
8146
8444
8303
8248
8230
8418
8171
8429
8348
8427
8502
8812
9724
10864
10973
10358
9376
8965
8866
8977
9147
9617
10020
9971
9757
9307
9233
9289
9384
9336
9377
9319
9541
9435
9716
9413
9722
9386
9479
9538
9518
9571
9611
9787
9673
9480
9589
9854
9979
10073
10056
9876
9620
9762
9773
9799
9705
9770
9749
9730
9628
9481
9376
9342
9347
9125
8953
8845
8653
8606
8382
8484
9150
10293
11116
10196
8569
7454
7173
6884
6738
6793
6624
6506
6504
6247
6457
6297
6336
6217
6173
6222
6124
5943
6103
5903
5985
5862
6392
7366
9803
11722
11840
9428
7146
6091
5734
5661
5871
6546
8619
12327
15107
13873
9865
6489
5512
5107
5238
5002
5129
5591
5846
6286
7041
9602
14700
18442
16091
10417
6250
4784
4420
4343
4239
4227
4182
4130
4061
4031
4002
4069
4183
4079
4218
4625
5545
6347
6138
4947
4262
3997
3893
4256
5076
5839
5849
5407
4634
4057
3836
3736
3721
3761
3873
3947
3907
3860
3549
3609
3569
3509
3557
3572
3519
3607
3481
3488
3633
3761
3853
3609
3618
3473
3499
3332
3373
3362
3390
3527
3405
3415
3568
3446
3521
3576
3527
3585
3883
3775
3808
3613
3567
3441
3443
3456
3442
3461
3888
4429
4461
4215
3694
3424
3415
3386
3318
3341
3382
3314
3308
3495
3333
3355
3344
3300
3281
3254
3251
3294
3262
3181
3223
3150
3247
3322
3258
3256
3193
3316
3255
3221
3234
3499
3520
3552
3734
4665
5750
6392
5589
4204
3677
4140
5364
5913
5338
4629
3772
3344
3144
3192
3216
3277
3257
3395
3692
3839
4080
4237
4105
3870
3453
3265
3326
3429
3669
3774
3677
3644
3578
3463
3687
4278
4919
5146
4579
4168
3940
4649
7171
14429
28155
47330
66161
80931
89317
94938
97857
99769
100394
101144
101358
100739
99771
98928
97673
94021
88486
80834
68782
52965
35002
19048
8831
3960
2491
2199
2117
2055
2117
2184
2108
2194
2149
2199
2005
2095
2170
2176
2175
2291
2318
2276
2220
2166
2105
2167
2206
2381
2755
2854
2770
2516
2698
3489
4826
6853
8599
9440
8438
6610
4471
3298
2812
3033
3917
5721
10294
23319
44213
55610
44795
23037
8473
3589
2391
2157
1925
1937
1893
1971
2067
2068
1986
1902
1924
1914
1916
1983
1904
1905
1917
1872
1925
1840
1960
1957
2060
2011
2113
1924
1948
2025
1996
2031
2019
1904
1905
1801
1901
1861
1885
1822
1815
1767
1798
1809
1855
1874
1919
2010
2026
2001
1987
1893
1944
1811
1864
1773
1907
2016
1993
2078
2129
2003
1948
1997
1949
2030
2222
2257
2275
2140
2009
1853
1849
1849
1821
1986
1960
2027
1954
1851
1819
1784
1839
2034
2454
3304
4248
4867
4722
3836
2798
2205
2013
1817
1691
1765
1812
2008
2365
2532
2942
2668
2319
2048
1961
1950
1826
1863
1737
1828
1791
1775
1793
1858
1855
1824
1847
2009
2099
2002
1954
1866
1879
1852
1686
1794
1790
1856
1803
1921
1941
1982
2013
2204
2169
2074
1940
1836
1814
1844
1777
1785
1705
1775
1789
1892
1929
2004
2053
2004
1955
1946
1884
1818
1891
1857
1787
1827
1864
1859
2019
2102
2030
1963
1879
1849
1892
1842
1837
1759
1742
1988
2144
2444
2476
2177
1912
1924
1852
2036
2101
2112
1939
1852
1807
2049
2311
2559
2528
2348
2483
3209
4937
6194
5473
3842
2467
2030
2002
2141
2445
2353
2092
1886
1744
1709
1843
1710
1818
1778
1871
1859
1886
1906
1944
2000
1899
1789
1787
1746
1729
1717
1940
1875
2031
1944
1987
1869
1807
1785
1779
1764
1925
1916
2136
2745
4143
5947
6215
4701
2924
2149
1872
1842
1983
1922
1910
1882
1788
1765
1731
1703
1717
1716
1768
1835
1849
1979
1903
1922
1793
1779
1725
1734
1842
1981
1875
1885
1732
1811
1868
1815
1781
1816
1706
1739
1820
1763
1721
1779
1707
1726
1731
2035
3225
5895
9949
11781
9401
5671
3156
2188
1894
1859
1759
1763
1775
1906
1860
1976
2082
2175
2018
1861
1750
1756
1824
1790
1906
1782
1807
1682
1760
1706
1672
1769
1862
1941
1981
2110
2344
2543
2627
2274
1947
1814
1755
1793
1700
1724
1766
1833
1807
1972
2101
2149
2011
1840
1791
1734
1741
1724
1889
2173
3057
5331
8082
9286
7459
4667
2673
1846
1753
1797
1776
1809
1787
1852
1952
2241
2594
2645
2364
2195
1811
1788
1926
2042
2330
2548
2791
2978
3064
2677
2260
2014
1897
1854
1796
1789
1796
1776
1821
1941
2084
1951
1760
1782
1711
1672
1637
1697
1707
1692
1657
1695
1744
1739
1742
1801
1779
1921
2260
2377
2391
2239
2081
2348
2487
2538
2335
2048
1873
1696
1757
1880
1847
1833
1827
1907
1865
2047
1846
1930
1799
1760
1737
1820
1774
1759
1726
1971
1992
2104
1991
2043
2102
2033
1990
1889
1785
1926
2377
3912
6924
9914
10232
7479
4310
2637
2203
2368
2975
3800
3832
3172
2425
1938
1897
1807
1917
1936
1956
2007
2055
2228
2347
2311
2120
1838
1773
1815
1799
1889
1894
1834
1930
1953
2040
1957
1963
1939
1867
2182
2475
2813
2925
2727
2423
2239
2108
2122
2098
2119
2031
1879
1897
1986
1946
2029
1916
1852
1744
1823
1774
1701
1765
1782
1883
1797
1801
1933
1857
1810
1948
1892
1950
1898
1893
1883
1895
1951
2545
3435
4737
5186
4753
3498
2411
2054
1956
1890
1915
1885
1812
1816
1890
1809
1863
1769
1848
1777
1750
1846
1816
1808
1845
1933
2092
2172
2149
2115
2130
2207
2411
2932
3476
3591
3139
2555
2053
1912
1941
1793
1816
1915
1823
1825
1831
1896
1806
1843
1986
1865
1809
1859
1764
1827
1979
1828
1982
2010
1849
1832
1961
2146
2585
3439
4737
5411
5107
3862
2654
2018
1963
1780
1899
1867
1820
1868
1830
1842
1865
1897
1891
1968
1979
1953
1973
2008
2110
2143
2343
2849
3246
3351
2736
2288
1846
1899
1847
1861
1822
1902
1943
1992
1914
1863
1817
1906
1874
1875
2096
2338
2621
2903
2883
2521
2249
1963
2059
2025
2209
2715
2918
2846
2374
2048
1989
2269
2539
2792
2626
2208
2006
1844
1807
1916
1907
1818
1856
1806
1816
1953
2068
2167
2164
2121
2083
2241
2400
2351
2254
2169
2071
2000
1947
1854
1872
1917
1882
1902
1888
1889
2025
2177
2235
2235
2065
1917
1901
2073
2339
2778
2971
2728
2386
2027
2027
1992
2057
2028
2052
2034
2013
1929
1821
1826
1815
1830
1834
1802
1788
1821
1797
1942
1925
1839
1844
1893
2279
2860
3422
3434
3034
2328
1967
1842
1844
1860
1864
1859
1873
1949
1930
1918
1886
1956
1849
1762
1759
1737
1736
1897
1954
2102
2261
2214
1994
1793
1814
1818
1775
1913
1883
1977
2084
2049
2013
2047
2061
1944
1893
1841
1913
1822
1855
1903
1918
2126
2308
2427
2224
2082
1925
2004
1943
1987
1849
1827
1818
1795
1803
1754
1753
1801
1749
1763
1959
1994
1884
1899
1801
1810
1841
1781
1852
1873
1824
1855
1873
2082
2130
2178
2134
1996
1843
1850
1851
1892
1832
1774
1812
1791
2204
2794
3490
3924
3769
3094
2432
1982
1907
1848
1764
1769
1815
1750
1918
2004
2161
2143
2359
2484
2665
2538
2316
2188
2130
2047
2229
2814
3832
4579
4575
3540
2726
2246
2242
2196
2125
2039
1871
1891
1915
2045
1940
1972
1860
1852
2035
2069
2252
2310
2245
2201
2085
1953
1923
1804
1880
1940
1894
1935
1994
2346
3021
4225
5189
4831
3863
2846
2563
2778
3780
5606
7059
7208
5997
4550
3431
2664
2154
2012
2079
2391
2747
3211
3241
2804
2271
2079
2246
2521
2570
2481
2410
2318
2147
1988
1820
1954
1864
1980
1932
1845
1875
1849
1921
2007
1876
1991
2001
2308
2575
2930
3378
3891
3930
3570
2776
2081
1858
1769
1692
1717
1728
1831
1750
1842
1883
1849
1832
1794
1786
1706
1800
1872
1941
1871
1889
1766
1797
1753
1759
1644
1766
1746
1799
1812
1833
1763
1756
1777
1804
1846
1833
1861
1813
1815
1750
1803
1832
1907
1957
1910
1799
1835
1860
1783
1714
1822
1908
1862
1961
2103
2197
2370
2273
2127
2007
1923
1837
1730
1706
1809
1779
1869
1845
1879
1944
1832
1871
1876
1846
1883
1805
1780
1808
1809
1911
2023
2187
2218
2017
1941
1882
1967
2035
2093
1972
1967
1808
1910
1818
2055
2002
2052
2567
3723
5041
5751
5237
3881
2926
2615
2176
2033
2054
2071
2333
2387
2582
2442
2155
2288
2814
4568
6473
7548
6711
4799
2995
2115
1905
1850
1963
1823
1851
1858
1858
1972
2064
2084
1987
1871
1797
1786
1738
1709
1746
1772
1899
2129
2266
2170
2146
2007
1931
1741
1711
1757
1743
1758
1743
1867
1826
1948
1963
1986
2026
1999
1989
1970
1828
1929
1915
1919
1924
1999
1946
1899
1839
1822
1796
1786
1838
1795
1779
1763
1791
1837
1740
1752
1928
1925
1908
2149
2314
2272
2224
2010
1892
2034
2036
2006
1989
1842
1883
1825
1906
1880
1854
1844
1831
1847
1824
1865
1864
1795
1803
1877
1875
1908
1948
1984
2035
1962
1976
1853
1800
1931
1930
1789
1942
1885
1968
1977
2231
2366
2478
2395
2259
2043
1949
1982
2093
2236
2391
2355
2204
1964
1950
1947
1941
1997
2002
1965
2070
2056
1992
1978
1952
1983
2013
2158
2153
2252
2304
2293
2215
2187
2153
2150
2143
2323
2597
3576
5615
9313
11885
11391
8145
4811
2947
2236
2112
2255
2721
3603
5389
6941
7363
6218
4235
2880
2291
2091
2090
2096
2056
2085
2194
2145
2234
2194
2313
2335
2459
2472
2467
2375
2270
2265
2267
2258
2558
2468
2510
2487
2310
2304
2365
2412
2324
2348
2382
2324
2302
2302
2222
2342
2351
2340
2268
2411
2349
2380
2358
2431
2441
2429
2501
2395
2547
2705
3055
3683
4702
5772
6310
6357
5792
5232
4715
4190
3491
3056
2854
2779
2743
2547
2547
2537
2539
2585
2515
2573
2624
2756
2638
2807
2646
2600
2611
2674
2762
2671
2848
2975
3114
2964
2897
2797
2628
2686
2685
2696
2742
2733
2667
2691
2621
2705
2638
2669
2699
2692
2714
2624
2716
2719
2590
2571
2672
2768
2789
2864
2862
2885
2697
2710
2751
2779
2805
2813
2998
3549
4233
5045
5589
5218
4282
3520
3446
3354
3256
3188
3059
3101
3429
3673
3688
3682
3475
3108
3000
2855
2970
2884
2957
3145
3464
3941
4033
4019
3551
3346
2933
2925
2926
2877
3012
3000
3091
2938
3025
3122
3233
3204
3074
2969
2992
3009
2933
3276
3578
3698
3749
3463
3272
3223
3059
2942
2951
2876
2988
2854
2981
2967
3101
2971
3196
3211
3166
3020
3082
3154
3043
3051
3009
2956
3078
3142
3110
3113
3096
3043
3069
3155
3144
3278
3280
3267
3064
3101
2984
3111
3014
2992
3075
3051
3095
3086
3127
3098
2967
3071
3266
3296
3348
3423
3381
3200
3180
3250
3342
3327
3326
3183
3228
3122
3109
3268
3246
3263
3212
3312
3174
3182
3097
3090
3167
3090
3228
3144
3249
3235
3144
3165
3096
3061
3210
3222
3212
3205
3190
3344
3449
3547
3966
4174
4285
4187
4135
4291
4396
4087
3732
3616
3468
3432
3235
3320
3281
3247
3227
3331
3213
3294
3309
3297
3312
3277
3336
3365
3502
3518
3451
3415
3392
3427
3390
3216
3452
3217
3297
3344
3379
3543
3818
4642
5568
6571
6474
5753
4584
3849
3599
3533
3873
3970
4130
3996
3878
3872
4078
3960
3959
3755
3635
3674
3745
3665
3605
3585
3564
3479
3586
3944
4330
5154
5651
5551
4936
4202
3750
3729
3666
3747
3749
3883
3727
3660
3687
3751
3537
3619
3695
3674
3649
3729
3646
3751
3713
3747
3729
3666
3652
3595
3657
3735
3744
3789
3714
3746
3757
3662
3704
3751
3697
3791
3777
3732
3723
3871
3883
3827
3848
3820
3977
4409
5163
6300
6920
7012
6090
5269
4852
4505
4293
4158
4044
4248
4274
4455
4408
4233
4211
4085
4097
4096
4085
3964
4093
3980
4061
3972
3987
4037
4155
4057
4030
4109
4189
4189
4125
4179
4243
4426
4177
4271
4300
4315
4232
4284
4225
4277
4339
4493
4558
4584
4612
4464
4418
4201
4238
4361
4328
4436
4710
4874
4909
4903
4729
4480
4236
4135
3985
3995
3867
3873
3733
3764
3793
3887
4014
4391
5475
7447
9459
10259
9060
6835
5212
4445
4237
4017
3823
3601
3446
3313
3361
3439
3419
3381
3314
3359
3362
3386
3320
3296
3275
3383
3354
3382
3352
3327
3337
3214
3414
3445
3474
3569
3608
3555
3457
3310
3280
3141
3363
3229
3291
3087
3226
3280
3223
3294
3253
3376
3468
3641
3668
3540
3314
3242
3103
3167
3198
3049
3119
3106
3022
2986
3066
3047
3118
3082
3090
2984
3031
3215
4082
5802
8748
10934
10799
8385
5601
4010
3017
2808
2732
2791
2777
2767
2733
2861
2897
2760
2662
2768
2675
2612
2736
2878
2867
2844
2818
2574
2602
2513
2585
2506
2503
2571
2515
2628
2480
2459
2373
2303
2429
2322
2468
2654
2742
2916
2954
2967
2932
2831
2569
2415
2379
2286
2246
2245
2249
2152
2167
2130
2253
2194
2143
2138
2238
2169
2085
1969
2190
2073
2088
2070
2086
2022
1994
1987
2089
2050
2039
1991
2167
2524
3027
3575
3691
3162
2608
2303
1966
1967
1935
1933
2020
2078
2054
2040
1972
1886
1869
1838
1828
1770
1790
1818
1846
1859
1809
1831
1900
1845
1893
1898
1925
1954
1902
1832
1694
1727
1687
1699
1750
1656
1744
1784
1842
1765
1900
1861
1868
1859
1746
1766
1702
1805
1738
1765
1725
1719
1592
1613
1655
1557
1612
1627
1604
1608
1685
1734
1875
2035
2368
2567
2553
2357
2006
1849
1696
1668
1598
1544
1651
1614
1583
1534
1613
1501
1544
1613
1628
1749
2025
2369
2687
2836
2535
2172
1956
1930
1889
1806
1686
1504
1515
1491
1446
1488
1531
1476
1400
1459
1462
1575
1592
1602
1648
1608
1555
1512
1486
1416
1411
1408
1426
1472
1426
1403
1408
1431
1525
1485
1594
1676
1663
1652
1671
1637
1735
1814
2006
2043
1946
1802
1532
1556
1569
1669
2020
3929
11156
31346
69058
114586
139631
123589
79188
36643
12983
3943
1694
1344
1284
1378
1593
1876
1875
1803
1514
1429
1372
1394
1381
1441
1531
1536
1515
1640
1612
1448
1417
1311
1225
1232
1315
1329
1268
1204
1253
1257
1268
1210
1288
1282
1283
1242
1223
1286
1199
1200
1183
1174
1136
1169
1200
1208
1208
1179
1194
1184
1257
1268
1219
1242
1294
1213
1410
1544
1614
1747
1553
1403
1185
1125
1132
1062
1110
1158
1169
1277
1444
1948
3335
7193
13896
22079
26308
23156
14994
7401
3112
1545
1256
1549
2702
5401
9976
15157
16984
14258
9068
4651
2126
1275
1105
1102
1105
1228
1317
1265
1220
1142
1013
1029
1060
1130
1230
1315
1292
1189
1173
1104
1160
1234
1181
1118
1039
997
1012
936
1075
930
995
950
994
914
964
1059
1082
1158
1273
1207
1178
1067
1038
1220
1321
1554
1734
1835
1758
1479
1170
1077
975
957
923
932
880
902
982
936
947
996
836
927
968
1001
952
936
1005
1037
1008
1062
1080
1081
1151
1112
1083
1107
1124
1053
1090
1023
1100
1284
1401
1715
1853
1721
1477
1254
1051
934
917
844
891
874
939
861
922
949
936
936
890
908
894
921
951
1045
1272
1928
2999
4124
4654
4152
2996
1900
1245
940
908
914
844
864
864
850
848
851
857
860
831
839
884
974
1040
1046
1068
922
887
863
917
964
974
922
892
824
799
855
787
818
796
856
866
825
833
851
833
784
833
875
820
815
887
1056
1066
1086
1078
998
937
882
811
873
834
866
876
901
984
1090
1037
1030
988
942
891
928
950
948
964
987
978
939
933
970
1106
1180
1200
1236
1098
1072
928
924
939
975
1041
1102
1063
1194
1039
1041
937
819
825
821
860
876
837
758
814
822
761
877
961
978
1072
1114
1193
1220
1239
1159
1076
1073
970
936
878
815
763
814
898
898
850
943
974
1006
1133
1191
1171
999
884
871
829
797
793
847
788
829
827
834
833
862
823
811
861
893
819
861
838
845
896
880
912
870
902
918
943
941
930
853
910
920
898
902
839
826
860
855
946
912
968
973
912
957
910
1241
2243
4934
9287
14047
16340
14112
9029
4679
2041
1028
824
795
795
806
910
825
822
820
880
926
1076
1064
971
853
826
787
819
821
816
825
832
798
770
765
793
798
860
774
805
765
731
799
753
780
787
786
794
762
892
910
926
831
873
890
837
822
797
767
786
773
791
783
767
793
772
824
818
811
804
832
914
914
923
902
891
830
797
862
859
835
798
817
808
811
755
940
996
1077
1121
1032
875
869
839
936
1164
1791
2636
3544
3791
3242
2205
1481
1089
896
872
872
964
1012
1147
1148
1225
1230
1150
1033
860
854
815
824
768
752
795
772
727
812
830
848
871
895
845
824
846
823
826
800
819
797
836
827
877
842
837
833
823
824
815
836
877
824
807
823
797
885
933
924
931
846
873
840
824
787
793
766
780
791
837
857
810
788
793
817
793
739
755
800
836
865
906
1000
1027
907
889
846
853
792
782
796
828
808
803
760
721
754
763
743
800
780
855
775
842
826
798
819
828
812
892
913
865
856
874
797
767
827
852
803
794
807
805
831
942
1241
1759
2367
2935
2706
2047
1478
1107
872
855
858
864
851
817
830
853
845
855
846
814
776
837
832
763
775
800
810
806
773
788
815
817
876
906
1137
1120
997
1004
970
1021
1105
1263
1226
1144
1005
865
787
806
787
788
862
895
1002
960
916
902
883
901
897
968
909
908
861
875
950
1045
1163
1319
1304
1288
1045
946
934
842
855
822
831
836
798
806
764
872
875
858
830
870
818
873
847
766
772
779
782
758
747
775
840
866
861
917
970
966
966
1011
966
840
776
756
759
718
725
764
783
804
762
796
761
772
774
783
773
805
812
828
764
798
815
896
921
990
978
958
1086
1214
1279
1280
1203
992
830
801
776
756
786
768
765
787
795
790
810
810
783
782
734
734
755
797
868
908
976
963
817
807
819
692
740
763
773
788
744
837
789
726
789
745
770
807
793
812
785
829
849
812
755
850
807
817
789
821
757
768
762
827
939
973
1095
1200
1251
1159
1159
1082
1067
993
927
957
922
846
831
817
884
842
929
901
900
839
787
797
766
762
748
793
784
749
706
745
744
737
759
710
778
821
839
862
882
917
960
975
999
970
866
847
785
743
796
769
786
757
781
806
751
751
753
735
740
793
723
742
751
817
842
858
845
884
799
746
762
706
764
755
828
746
780
846
858
943
1214
1517
1619
1625
1490
1153
971
868
761
811
790
754
765
781
740
745
705
780
814
1001
1052
1078
1067
1044
1020
973
937
942
942
911
865
821
791
744
724
725
779
750
697
814
856
1030
1441
2035
2474
2588
2207
1647
1195
955
920
883
902
895
761
802
727
729
757
735
694
779
758
802
760
731
716
693
743
680
734
791
795
742
793
765
714
710
666
650
684
695
715
701
691
663
671
698
691
679
716
676
737
686
734
689
718
689
691
717
701
681
681
665
706
603
711
686
668
727
729
714
720
708
701
754
734
962
1293
1771
2406
2856
2769
2331
1624
1140
821
721
691
752
792
890
897
774
795
737
641
680
678
651
689
683
749
817
745
757
723
673
689
719
697
723
766
742
739
719
667
652
688
638
633
659
677
719
790
909
998
1147
1069
951
871
713
776
729
708
703
701
712
689
681
672
658
677
699
654
594
721
709
716
771
808
787
755
782
682
635
650
726
768
791
924
911
960
901
996
1045
1216
1270
1357
1250
963
817
783
662
712
682
721
625
673
705
706
739
661
701
690
705
704
716
713
719
663
645
686
702
682
837
909
916
872
838
657
623
674
610
609
665
703
782
775
897
946
951
933
911
842
768
706
762
753
661
633
625
632
610
612
588
675
629
868
1110
1570
2015
2068
1967
1435
989
733
611
632
564
629
597
594
633
629
680
676
771
824
884
888
821
712
719
628
635
576
580
585
588
583
660
633
630
634
625
615
632
658
594
672
681
719
720
836
864
816
762
662
687
599
618
620
672
645
715
951
1447
2435
3948
5044
5293
4511
3001
1808
1064
678
684
636
610
617
634
585
622
667
753
734
766
709
717
615
575
648
658
733
913
833
884
826
716
710
739
740
777
821
831
886
873
761
719
773
760
787
842
724
679
693
618
574
620
626
681
614
633
578
567
623
570
584
572
544
614
561
617
589
635
600
594
607
599
576
639
616
641
636
709
718
713
686
631
604
646
575
543
552
519
586
619
618
637
705
617
670
608
578
596
567
597
585
661
656
677
695
665
620
574
555
564
562
567
570
592
574
580
618
624
705
851
989
1055
1069
935
848
656
599
572
652
601
587
611
613
661
637
632
584
557
567
568
551
612
636
650
756
871
934
914
796
708
597
586
579
579
601
549
540
571
581
558
636
588
639
604
663
666
648
643
775
903
1155
1227
1166
1083
807
705
570
556
554
573
580
631
588
622
581
621
574
583
596
604
612
618
649
650
619
692
654
654
648
693
794
774
885
816
828
695
698
691
727
762
877
972
1056
984
838
780
635
596
552
602
616
573
580
578
611
598
659
605
678
607
627
623
645
649
662
613
595
571
603
567
579
615
610
561
568
624
614
592
628
731
789
799
715
693
652
665
746
800
845
805
822
693
616
615
593
600
552
605
707
766
808
908
852
777
735
661
652
629
586
603
577
610
612
586
588
627
594
616
640
653
634
601
566
541
639
603
625
652
640
663
637
710
787
951
1294
1701
2026
2133
2009
1747
1351
1115
939
1066
1113
1198
1133
966
836
760
664
706
653
684
648
639
604
605
621
635
598
621
637
625
624
616
648
638
622
728
710
793
889
914
1011
953
854
764
711
640
616
650
689
704
754
714
731
724
751
728
723
738
691
728
684
671
701
750
826
902
959
1040
1029
948
867
825
682
682
618
733
730
749
746
853
930
1046
1047
977
872
758
645
619
592
671
616
656
681
735
724
726
777
860
972
1211
1557
1760
1912
1881
1693
1431
1192
993
937
901
776
701
720
635
690
681
713
653
702
688
656
692
686
750
699
706
676
706
726
717
738
671
716
629
759
744
788
748
799
708
695
676
725
713
688
714
602
661
686
630
652
681
647
663
670
651
643
695
635
696
675
677
691
686
661
674
693
661
701
711
695
706
724
763
706
753
735
748
699
711
742
695
667
663
665
658
683
653
644
667
619
712
648
679
721
744
734
777
830
846
801
753
732
747
673
700
720
697
676
748
729
755
746
717
791
696
739
683
733
735
759
738
824
888
870
832
733
698
690
684
705
708
663
686
674
679
709
730
707
692
706
687
675
697
685
715
665
714
751
706
685
726
703
748
767
731
696
697
706
655
728
754
715
757
710
715
770
776
834
1006
1289
1556
1661
1520
1254
1063
867
825
778
763
765
746
719
717
721
721
722
696
690
713
711
721
716
686
738
768
717
747
835
892
895
1014
967
1011
924
897
880
939
937
1049
1059
1209
1123
1092
956
844
770
739
698
747
731
739
753
709
775
717
702
728
746
811
788
828
872
860
881
913
1107
1102
1088
1075
978
864
781
819
761
734
750
767
712
735
659
702
735
738
737
703
713
718
735
759
802
760
706
745
740
732
821
872
966
1102
1176
1163
978
900
879
778
692
726
758
768
703
757
766
809
867
895
838
914
756
754
741
768
740
672
703
652
696
756
709
721
718
681
710
710
689
737
714
698
685
667
673
754
693
716
735
775
721
744
753
744
738
766
742
698
731
680
718
729
771
763
711
738
712
705
714
754
801
751
772
716
735
727
785
738
822
736
719
758
766
733
829
954
1014
1132
1102
1052
950
861
768
693
774
751
804
722
713
693
692
685
628
647
661
694
670
690
695
710
718
772
782
843
856
828
779
759
722
672
650
650
630
635
597
590
652
578
629
638
610
621
666
652
609
720
638
653
638
636
604
610
606
616
581
647
614
697
699
856
1005
1180
1319
1347
1187
986
794
754
665
684
694
718
678
682
720
722
755
733
742
796
750
776
797
841
959
1010
985
844
793
705
626
610
579
554
579
598
550
563
579
544
612
607
576
623
653
590
591
589
619
573
570
596
637
641
742
852
903
946
1036
888
780
642
637
601
584
581
574
593
581
575
539
571
538
546
596
547
618
614
598
585
611
585
592
580
556
543
503
585
540
563
535
541
536
551
599
674
718
827
781
756
714
611
656
600
584
563
522
566
565
528
554
548
581
572
570
551
541
522
520
472
483
482
530
553
593
591
691
720
729
682
647
622
580
602
565
523
583
508
607
564
550
531
520
504
537
522
476
502
569
518
524
539
489
520
528
578
551
577
546
510
470
516
502
484
512
478
487
475
501
489
433
500
502
499
464
501
484
535
494
504
447
538
537
530
500
500
509
518
578
656
696
691
689
655
609
711
1118
2052
3629
5583
7284
7877
6447
4570
2467
1397
767
548
562
556
579
555
563
488
496
483
470
461
454
463
484
487
525
487
468
456
424
443
447
491
485
505
492
463
488
487
433
465
452
460
493
442
513
419
442
466
430
415
443
420
455
462
466
515
479
472
483
460
457
492
652
884
1334
1849
2253
2404
2168
1703
1166
762
646
535
587
630
601
566
496
465
428
432
417
473
428
445
433
445
443
395
451
408
460
388
410
492
650
961
1738
3039
4532
5889
6129
5294
3721
2177
1188
710
481
513
425
435
433
410
441
419
432
490
502
497
463
504
487
430
460
458
458
445
428
438
456
460
511
508
567
540
571
563
546
530
464
419
402
417
405
416
415
410
421
409
383
406
380
421
384
410
436
440
463
455
465
446
408
407
437
423
435
437
441
505
549
610
761
832
787
707
575
477
498
492
438
425
419
426
400
411
401
436
445
414
441
401
458
450
535
674
738
731
681
620
506
450
429
468
431
497
448
479
428
457
436
468
452
461
449
421
402
410
415
398
468
420
391
438
390
422
403
418
436
438
453
384
392
399
422
505
504
545
614
550
556
511
481
452
435
464
433
387
408
374
399
424
390
408
400
405
383
405
436
485
531
541
642
598
599
570
631
603
607
514
516
518
488
462
494
486
472
439
457
429
445
407
395
428
403
401
426
405
402
391
420
431
402
492
436
434
470
461
416
403
425
415
415
400
433
513
628
883
1355
1872
2352
2375
2105
1571
1049
754
509
457
415
382
360
385
396
382
387
370
421
351
386
400
368
395
409
447
409
400
421
426
453
455
411
382
382
383
354
380
370
333
373
375
400
384
430
432
423
419
429
432
407
384
376
393
365
370
377
378
405
382
378
413
393
371
385
358
341
350
376
393
383
341
402
380
365
402
389
410
406
398
395
419
408
433
389
375
387
402
375
382
437
398
412
409
453
425
414
427
387
364
417
403
426
401
414
398
405
351
393
387
369
404
389
385
419
420
430
450
444
433
446
430
440
401
431
496
504
560
570
562
553
487
566
557
590
697
650
604
536
489
467
412
421
411
445
431
432
447
479
493
504
516
514
485
423
447
450
427
430
438
428
436
476
521
535
514
533
494
501
474
462
490
464
447
459
405
444
473
421
406
397
434
417
407
427
426
442
456
475
491
517
530
536
475
503
485
449
452
439
476
463
470
516
547
757
1097
1665
2328
3039
3752
3814
3514
2921
2105
1588
1213
1009
942
823
722
769
714
807
772
801
675
671
660
634
585
536
545
470
503
489
517
521
523
505
581
526
528
542
558
562
499
547
494
556
509
512
500
496
481
537
571
576
598
623
687
686
804
925
930
920
731
660
591
574
586
545
589
621
684
699
735
724
643
601
590
580
556
562
557
561
479
505
554
557
521
575
569
509
546
550
532
545
506
551
529
511
484
546
487
534
547
556
526
564
576
588
603
579
556
570
554
542
505
562
542
515
524
505
486
505
533
523
514
555
560
656
737
821
903
895
875
836
722
588
638
624
564
611
647
669
726
742
763
715
626
597
585
595
579
581
604
569
598
541
567
509
536
562
507
537
557
509
520
545
549
542
560
462
477
500
494
530
531
527
492
484
546
525
518
493
557
539
577
540
551
534
490
516
531
519
504
503
545
544
523
536
548
512
546
567
544
564
568
526
514
518
538
518
558
557
561
545
606
552
598
555
561
548
634
628
629
587
570
517
501
543
544
551
508
551
540
611
598
567
569
604
580
582
542
556
555
510
561
503
581
608
565
562
575
579
583
614
593
652
558
553
540
555
564
573
607
571
571
567
637
582
560
543
535
585
543
546
519
556
507
532
558
569
557
537
583
560
556
566
544
602
606
579
612
554
595
616
541
563
537
587
583
559
499
530
544
583
555
546
588
588
579
567
603
599
615
601
576
565
587
581
631
623
765
766
830
825
745
773
716
690
604
582
573
619
637
542
569
615
620
603
585
617
567
598
583
585
632
601
634
605
576
615
597
579
583
588
568
592
595
592
593
637
607
630
632
601
576
633
648
603
605
612
624
589
619
585
602
603
637
685
718
637
644
653
619
621
621
658
662
596
612
562
554
545
576
535
534
553
566
567
518
509
569
562
484
535
547
529
518
519
513
517
491
509
546
533
644
605
588
535
561
540
529
518
490
499
498
541
478
560
539
539
523
535
511
523
572
574
607
741
841
985
1103
1109
1016
852
706
652
595
600
622
592
601
515
541
525
554
467
494
432
542
514
559
584
592
644
717
795
889
1083
1124
1185
1036
911
818
644
583
586
508
547
532
507
561
502
554
529
529
494
509
497
479
490
491
486
494
487
524
532
583
612
690
605
620
547
535
498
479
479
481
492
489
470
425
459
437
487
516
468
477
505
568
529
504
504
483
525
465
496
469
442
462
441
397
444
463
439
434
451
429
490
460
440
431
435
486
449
450
446
414
421
406
390
457
440
429
487
479
456
423
426
441
421
432
426
391
358
379
427
382
407
389
377
387
360
419
377
389
391
385
380
371
333
395
379
396
404
410
397
412
426
465
487
516
540
516
534
499
446
406
373
388
361
367
379
376
396
364
345
324
345
339
344
383
335
385
363
362
423
363
376
367
421
380
360
404
354
375
334
388
384
382
385
400
430
425
447
462
468
565
608
650
595
546
520
459
438
401
396
385
382
364
374
412
447
405
443
399
409
390
373
361
367
420
396
369
381
376
396
424
448
398
366
364
396
358
408
427
395
395
408
357
371
382
378
378
406
441
439
418
423
392
413
413
443
504
477
490
463
427
433
432
435
494
522
590
648
637
529
508
451
379
364
431
417
410
473
773
1316
2385
4185
6688
9347
10818
10890
8766
6625
4350
3053
2572
2183
1853
1561
1151
829
627
557
534
529
583
637
583
529
512
453
437
428
443
436
470
448
468
466
425
443
385
404
413
399
404
392
430
440
416
426
472
505
606
647
695
751
747
663
608
552
541
552
461
472
471
489
433
452
466
458
447
482
484
462
416
409
379
401
425
410
389
419
390
415
396
391
422
398
397
413
388
404
400
400
393
445
427
444
438
384
407
410
415
380
426
411
379
402
404
442
446
506
503
519
514
458
481
456
413
419
442
430
375
424
473
473
459
493
501
476
504
547
622
658
739
697
669
568
507
499
506
546
747
902
1050
1089
998
914
682
548
470
423
432
464
401
469
459
418
440
426
430
417
442
464
463
443
466
398
496
442
425
425
396
476
392
420
385
415
434
410
391
389
385
367
441
417
417
433
409
475
376
406
409
429
396
431
403
406
447
426
496
496
507
457
466
458
433
425
381
424
387
407
446
466
458
459
452
414
427
426
454
471
486
530
500
496
476
421
455
404
389
406
391
419
399
385
360
421
397
368
405
413
397
406
430
395
398
418
454
399
385
393
451
487
443
486
493
533
476
471
445
413
392
429
478
427
460
489
442
435
387
409
404
413
420
411
411
431
417
444
396
418
427
437
428
438
401
472
418
431
428
456
447
445
444
394
458
420
409
416
412
424
443
458
454
487
477
450
468
506
515
510
497
524
488
425
456
391
419
375
388
413
401
436
406
410
393
373
406
419
420
387
444
441
423
442
498
510
469
528
521
462
487
466
461
461
485
446
438
431
449
431
394
420
401
447
462
462
489
514
597
547
563
506
481
478
486
477
437
436
434
409
388
401
408
413
356
430
420
403
425
400
428
384
481
497
469
529
528
537
520
433
418
409
402
404
385
384
381
370
371
392
358
363
387
402
351
372
329
394
380
366
362
392
369
379
357
367
397
422
419
394
387
377
379
362
354
382
331
352
330
368
362
386
432
420
405
402
410
409
409
393
375
394
395
437
447
503
479
525
450
458
401
398
414
345
401
399
364
375
415
399
412
446
487
629
775
1141
1621
1925
1965
1998
1591
1148
749
564
477
392
406
406
442
501
523
540
519
513
486
418
430
373
390
371
349
328
336
347
372
338
375
384
356
341
341
352
326
308
327
340
337
288
327
305
336
335
335
324
342
379
336
392
407
386
439
411
446
407
416
357
340
340
373
319
309
321
344
311
351
398
375
377
404
374
409
478
449
440
387
376
366
330
325
378
401
445
500
515
445
476
389
366
328
328
298
310
282
283
300
285
305
282
300
278
295
268
270
297
297
290
310
320
305
311
308
295
308
318
360
334
346
444
495
564
674
634
620
539
481
380
375
346
329
293
304
314
290
321
269
298
280
253
311
275
267
287
305
287
287
274
273
260
311
246
284
286
290
269
306
293
310
273
339
316
321
365
387
452
526
621
695
575
554
429
379
350
291
286
350
370
455
507
567
672
616
537
498
417
426
430
347
324
301
282
305
304
303
274
290
288
296
303
319
316
293
292
340
319
351
336
363
421
361
383
353
388
372
360
394
378
383
429
494
530
709
755
778
768
699
572
501
403
330
319
311
274
322
322
311
347
307
311
372
312
327
334
325
336
340
323
342
351
351
443
533
916
1391
2157
3151
4000
4406
4109
3415
2413
1460
799
501
335
316
313
312
312
334
359
360
374
446
430
393
429
431
405
432
398
348
347
281
306
289
325
313
335
322
340
335
426
476
633
805
1011
1098
1099
928
812
627
524
512
395
379
365
318
304
285
291
286
275
285
292
301
282
282
269
323
299
313
330
345
344
312
333
310
279
294
305
309
327
341
343
305
365
360
338
316
336
379
350
404
401
420
415
442
399
404
498
557
619
760
830
829
786
649
572
453
394
346
328
299
331
308
385
408
437
447
475
470
468
390
351
335
358
334
384
437
427
452
420
366
356
349
304
322
318
295
302
286
328
321
337
352
382
347
350
324
291
302
291
298
312
344
341
362
389
344
373
373
351
341
356
339
323
393
385
377
359
338
416
383
361
354
303
299
296
283
332
302
310
309
311
276
314
299
284
300
308
314
367
375
367
403
409
357
362
346
376
350
353
333
328
327
326
297
296
335
332
317
311
302
307
317
318
285
309
306
281
334
309
300
327
311
316
337
320
299
288
312
276
299
323
290
308
334
319
321
275
289
355
336
352
402
442
483
554
545
464
469
375
353
312
321
314
313
277
316
304
277
278
275
323
299
356
307
317
309
332
340
294
331
361
356
367
356
325
389
363
320
327
339
342
315
359
385
385
370
296
312
335
315
310
333
334
356
353
363
423
419
464
503
504
491
464
414
346
326
325
320
307
306
316
315
325
322
319
334
326
320
320
318
393
325
366
388
476
476
521
556
512
452
373
376
288
300
275
329
366
341
341
422
343
367
346
369
422
482
548
658
729
770
742
649
560
464
439
373
397
352
325
372
293
316
321
300
317
292
301
304
327
310
351
371
347
315
381
340
328
308
340
308
330
339
324
335
327
342
277
301
331
310
312
303
347
294
323
305
309
304
363
335
308
323
327
322
317
332
319
303
291
323
290
292
334
274
285
301
276
296
310
313
308
292
328
331
312
326
309
304
301
333
385
343
370
391
380
360
353
329
332
335
337
327
317
343
323
331
321
335
327
301
313
357
304
306
312
287
319
326
318
317
300
307
348
292
306
348
365
428
522
548
609
673
693
631
572
498
413
370
336
321
310
274
282
325
287
312
310
299
336
318
323
299
297
315
297
245
330
275
302
293
307
291
295
307
344
336
298
411
430
486
491
525
509
509
478
474
368
371
312
326
278
322
286
264
249
308
290
331
362
358
405
480
503
568
509
455
410
312
300
287
298
300
314
277
301
308
267
295
285
278
277
277
299
290
320
303
317
356
336
308
349
311
270
252
273
285
252
267
271
320
270
270
269
304
278
243
253
279
290
274
323
296
281
257
283
290
272
305
306
310
335
317
318
371
349
360
369
357
350
329
318
307
291
284
301
347
278
298
308
316
311
296
296
330
309
317
373
385
410
440
432
426
467
431
477
461
482
469
455
389
402
350
446
452
603
872
1058
1283
1530
1665
1551
1360
1080
811
643
678
658
922
1191
1649
2027
2291
2144
1765
1331
895
627
492
413
416
390
409
456
507
550
673
780
791
808
711
686
573
486
476
413
395
401
486
569
750
1042
1145
1369
1364
1302
1039
750
548
463
455
403
372
369
350
390
407
427
425
410
471
450
425
389
386
379
392
389
382
374
367
363
361
363
393
394
374
372
361
417
375
387
378
371
342
387
392
367
393
365
392
380
364
372
395
399
371
338
355
376
361
375
363
380
435
396
472
489
509
539
586
560
504
491
471
389
412
444
416
386
395
378
394
429
403
371
394
352
380
391
378
341
424
391
404
353
414
387
424
392
404
372
380
419
367
410
385
401
397
411
371
420
404
362
364
420
407
378
415
454
480
561
646
716
805
856
854
811
808
741
751
727
973
1178
1415
1486
1453
1274
940
748
558
439
415
412
364
410
388
396
445
435
456
517
476
533
526
479
432
514
498
528
602
645
682
623
539
505
444
410
446
372
400
422
380
423
430
424
421
433
428
388
396
381
372
387
405
367
404
405
363
403
359
418
416
415
372
399
385
439
478
487
497
536
572
568
468
450
441
354
376
428
396
420
413
412
407
413
433
391
437
403
414
416
435
444
427
430
447
465
492
529
490
461
461
468
506
424
443
415
411
462
449
424
466
476
471
459
429
431
424
426
456
471
498
446
477
495
551
469
433
466
406
391
410
402
436
431
422
425
430
462
421
414
421
430
437
436
427
435
434
449
426
402
428
446
404
404
394
468
454
373
371
403
402
399
422
397
442
403
395
432
400
456
421
428
424
424
435
409
472
453
474
391
384
412
429
396
399
449
430
418
389
402
380
395
425
376
425
434
454
407
433
446
418
399
383
414
402
411
419
418
398
416
421
421
428
385
447
439
451
425
415
440
475
450
426
412
400
446
434
435
435
412
434
443
454
438
363
433
419
409
433
450
431
414
384
425
457
476
498
578
721
913
997
1108
1077
1008
854
788
613
550
514
455
461
405
395
410
415
468
394
395
406
436
410
426
420
420
437
425
486
422
399
440
424
451
453
493
485
447
392
436
427
409
404
395
427
407
429
433
383
417
417
452
427
434
420
443
464
432
443
440
407
466
441
443
429
452
452
422
454
464
447
448
394
381
387
407
356
432
390
405
395
403
398
408
466
461
525
532
478
456
410
431
408
396
439
424
416
444
413
400
392
419
363
394
375
349
339
394
358
355
365
391
368
374
364
387
333
366
356
357
393
315
353
377
335
352
336
352
351
369
350
390
360
367
361
339
363
343
336
335
317
346
365
340
307
331
347
322
330
333
344
362
314
331
318
306
303
331
349
323
340
336
330
349
362
364
410
389
398
421
380
427
397
386
353
347
350
345
365
307
330
344
301
324
312
335
355
316
321
318
330
324
327
363
332
349
279
369
300
339
315
333
331
355
334
352
345
366
423
459
515
558
506
512
500
452
390
397
377
320
339
334
348
372
359
351
350
354
341
351
353
349
335
356
378
410
366
365
344
368
370
395
378
423
404
483
490
573
616
678
681
671
625
589
553
471
432
391
383
396
392
378
405
381
373
391
390
430
462
478
500
566
645
702
708
616
584
521
443
446
428
438
429
417
400
434
492
639
814
1147
1598
2132
2588
2905
2811
2458
1998
1563
1458
1725
2450
3532
5121
6850
8791
9702
9597
8628
6962
4859
3250
2063
1292
946
727
630
654
705
826
1077
1184
1247
1309
1229
1055
838
709
630
570
580
554
542
548
590
544
536
559
527
591
553
572
535
522
596
557
551
539
553
548
520
536
549
541
542
541
536
533
527
543
567
591
572
508
513
529
551
530
591
534
573
549
535
506
544
527
551
523
544
572
545
535
585
529
523
532
585
550
575
597
565
594
568
581
551
539
544
516
527
590
581
631
654
698
755
772
740
676
642
669
569
579
616
542
553
569
579
520
585
533
551
560
540
559
542
571
549
540
537
554
563
541
578
571
572
550
570
580
541
565
497
596
559
524
548
576
525
550
541
539
527
545
558
613
655
737
887
1051
1179
1255
1271
1233
1087
862
723
613
571
527
538
567
547
539
508
544
545
561
505
564
576
551
563
597
583
535
576
567
565
507
552
557
557
565
538
515
559
605
624
603
574
615
591
663
548
555
566
527
531
521
543
563
545
548
555
493
521
519
540
514
531
543
585
562
568
525
510
571
541
524
574
523
536
523
579
548
538
553
558
578
569
585
585
553
619
579
551
541
571
615
614
569
607
565
547
548
587
606
581
622
586
595
633
612
564
620
607
579
550
603
611
547
598
594
573
649
618
629
607
624
623
628
665
621
588
662
620
679
702
701
745
728
744
692
637
632
611
608
606
580
611
628
609
563
614
593
590
578
609
607
562
578
578
558
608
594
563
615
634
586
577
557
558
580
629
599
627
599
568
587
599
577
571
583
595
623
609
607
589
595
596
598
573
589
576
598
559
559
565
582
583
619
597
600
637
562
579
573
560
586
549
555
615
586
602
565
559
599
528
553
597
586
547
587
531
545
540
568
541
517
570
526
539
611
544
553
539
526
504
504
498
478
496
489
495
495
471
500
473
441
480
510
474
443
499
477
495
461
506
474
523
480
496
485
491
503
520
493
501
457
468
477
494
466
494
502
462
438
443
469
437
496
453
419
442
444
474
472
427
429
431
455
437
469
490
458
412
449
463
453
484
463
415
441
434
493
466
452
423
456
454
470
420
463
471
468
446
399
482
454
458
448
484
445
436
406
414
485
454
543
564
667
829
889
936
874
792
715
568
535
459
422
428
410
402
418
392
439
395
351
344
338
352
335
341
321
383
346
362
348
322
324
326
339
344
355
342
341
360
376
344
336
312
310
333
314
303
304
321
301
275
278
280
288
269
284
286
281
242
278
270
266
261
281
256
263
274
264
259
247
239
259
224
259
210
256
234
250
221
245
225
225
256
205
196
203
203
207
218
196
222
200
212
192
205
216
227
231
237
258
243
273
234
269
293
308
325
316
339
310
241
260
195
185
181
199
162
169
168
156
171
160
179
166
157
143
150
148
159
165
155
153
134
155
145
176
141
155
156
163
180
178
167
206
258
293
368
405
463
404
379
337
264
210
169
161
152
138
162
171
159
159
170
144
183
161
126
135
156
151
126
143
152
146
136
143
126
150
134
163
181
238
296
384
513
591
643
668
596
486
398
286
205
171
149
136
148
150
141
158
135
151
153
155
170
171
166
209
184
184
184
159
151
160
144
138
131
150
145
154
157
132
144
125
144
139
138
120
145
149
149
186
210
310
581
1063
1993
3604
5850
8530
11533
13613
14575
13339
10827
7794
4631
2399
1146
536
256
131
131
103
111
104
114
104
108
88
99
85
107
91
83
112
87
114
89
99
90
91
104
108
116
96
90
88
93
102
103
84
74
87
110
89
98
107
93
89
80
81
92
76
90
98
91
89
105
89
72
83
103
99
96
98
96
102
88
122
109
121
84
96
82
95
71
75
106
107
79
95
95
93
113
110
100
103
101
106
99
94
99
96
100
146
102
88
131
95
112
106
99
72
86
93
86
88
89
93
93
88
98
92
101
87
90
71
98
101
87
88
85
103
95
75
112
96
99
88
67
91
84
68
79
107
103
93
86
98
95
109
88
85
71
75
73
89
75
76
96
67
64
70
83
79
58
81
82
87
103
69
98
77
70
86
87
75
77
89
100
83
79
85
112
144
147
152
153
202
185
181
153
152
145
110
96
106
116
122
153
158
177
164
163
123
115
101
93
91
72
97
86
84
88
89
83
82
92
86
83
77
69
83
72
76
83
95
93
84
73
75
72
81
82
81
84
91
84
77
85
77
74
76
61
85
76
94
89
69
77
87
78
92
75
86
86
72
87
87
89
110
91
131
120
114
109
92
103
89
92
87
119
147
193
239
243
313
273
249
201
163
122
97
89
84
87
101
115
129
137
175
168
229
202
228
252
316
262
218
223
173
136
110
119
113
102
101
71
101
100
87
82
98
81
82
85
72
73
87
87
79
95
92
82
84
107
110
107
144
124
163
149
161
117
126
109
108
106
84
87
80
95
98
84
78
84
95
93
85
97
98
100
84
96
72
70
71
79
94
99
94
79
88
101
101
70
91
98
76
86
80
93
75
95
91
79
92
76
92
99
113
131
141
201
202
258
256
286
241
193
180
125
131
112
84
100
102
93
79
100
116
96
105
140
122
132
147
137
124
131
110
90
102
68
112
108
121
101
77
112
85
96
96
80
87
96
96
106
103
95
94
106
85
98
100
87
105
103
97
80
86
99
112
135
146
142
184
202
211
200
209
170
146
124
118
99
79
104
120
98
104
152
136
116
159
132
130
130
128
135
192
157
158
166
148
154
135
109
130
152
183
257
330
480
650
765
847
773
714
610
393
278
236
217
240
259
307
366
353
341
228
218
187
143
156
117
86
100
96
92
107
110
108
109
122
103
120
136
159
154
129
172
166
179
176
140
147
138
137
137
125
117
99
108
116
104
98
93
105
133
104
118
88
102
109
109
87
110
109
104
116
96
118
95
102
112
112
112
110
78
88
93
74
100
99
80
94
94
90
98
108
89
93
88
107
113
120
113
117
116
121
88
108
117
115
111
92
81
103
105
94
85
104
107
107
112
98
115
104
104
99
129
110
92
124
112
83
101
107
93
105
121
105
119
116
100
97
117
105
93
87
107
105
105
128
111
110
108
99
83
99
105
109
94
134
93
128
105
102
114
89
91
93
110
121
101
104
115
109
108
127
94
116
97
87
114
100
113
111
118
100
86
110
118
95
102
112
119
100
102
96
87
123
93
116
120
110
95
122
103
134
106
128
119
148
157
150
163
158
139
136
109
119
110
105
119
85
117
133
107
115
98
134
118
123
115
108
104
107
94
100
90
103
120
113
110
95
99
110
122
128
132
118
143
123
126
119
108
115
115
116
103
96
102
103
83
112
105
104
106
115
116
100
121
103
109
126
106
115
94
115
96
101
103
94
108
88
109
91
96
111
97
107
91
110
110
113
102
118
120
86
105
104
105
81
107
113
86
107
113
84
100
92
95
121
88
106
110
116
111
114
119
126
116
112
93
88
121
96
107
99
100
106
113
102
94
87
98
96
91
93
98
98
113
104
102
98
111
122
152
120
127
118
96
114
101
90
107
84
80
97
106
86
92
98
88
93
97
107
98
83
86
104
90
106
97
92
106
91
104
102
83
100
95
88
93
101
103
94
84
103
108
79
105
93
98
77
100
77
98
75
106
94
77
89
85
101
85
105
91
89
81
78
94
99
84
81
87
100
98
90
76
97
83
103
109
120
125
140
177
199
232
237
234
198
179
113
133
118
95
99
85
88
85
105
98
102
87
95
82
88
85
83
79
104
86
78
95
112
86
92
80
113
81
93
96
86
92
100
94
89
94
75
94
92
105
107
100
106
83
85
94
112
98
87
100
93
98
81
101
94
91
83
92
107
94
99
95
95
93
94
87
98
110
108
97
96
87
100
91
109
156
212
260
385
498
684
931
1057
1136
1189
1095
918
665
471
321
206
161
162
157
140
170
174
254
341
426
671
797
961
1052
971
954
826
571
495
298
201
187
122
124
127
147
138
135
106
134
119
121
111
124
135
116
132
134
135
128
103
122
120
129
147
149
175
194
178
188
183
172
150
157
139
116
129
108
129
126
108
142
137
118
92
94
105
127
124
136
122
118
100
100
130
129
145
138
145
158
134
149
165
147
129
147
112
114
116
118
119
110
113
100
141
118
120
146
163
210
241
250
327
380
359
341
299
230
183
178
127
137
124
114
130
155
160
186
202
236
270
315
381
389
362
323
305
229
200
150
155
133
144
124
108
97
136
119
126
116
128
102
145
118
129
114
143
130
114
116
145
131
132
128
109
114
122
112
128
135
142
178
167
212
237
255
256
266
207
162
146
135
144
115
120
116
106
102
101
117
118
129
124
146
167
168
163
190
196
160
146
134
139
144
118
113
99
119
129
135
140
136
172
150
143
163
170
135
171
177
236
247
315
358
433
425
400
392
296
215
198
144
132
140
133
124
156
154
136
133
141
141
144
129
127
118
116
135
139
130
140
184
189
172
182
193
159
159
137
135
111
133
123
123
129
117
141
142
126
123
123
130
117
96
113
110
113
122
130
121
111
110
127
117
112
111
122
117
129
115
131
132
114
130
142
112
139
139
128
105
121
102
110
120
121
120
123
157
140
136
126
135
121
138
125
109
126
134
98
115
118
111
105
124
105
109
127
119
127
116
135
143
121
118
122
109
119
114
158
107
104
105
120
89
122
135
124
125
117
151
127
128
154
119
120
125
122
119
106
129
129
106
114
119
126
116
128
138
111
111
117
132
114
123
114
114
104
104
101
105
104
100
126
118
110
113
119
116
102
108
112
96
108
111
97
125
104
116
109
93
111
94
116
98
98
95
138
102
145
111
122
159
151
161
158
165
149
137
106
105
129
109
98
112
103
86
101
97
105
104
98
108
123
101
93
112
112
113
99
106
99
98
103
92
93
92
88
83
96
78
93
103
92
96
89
105
109
91
91
86
96
82
106
104
96
89
94
108
113
91
104
80
102
93
92
84
96
93
78
102
79
94
84
82
81
68
75
65
79
89
73
76
80
67
82
73
87
71
72
78
71
75
83
82
63
66
89
99
92
76
71
69
72
65
75
88
67
58
76
78
70
73
71
72
69
60
83
59
63
72
71
71
57
67
63
63
54
69
71
73
55
61
49
68
53
61
64
54
66
59
44
45
56
59
53
59
58
40
53
43
53
46
58
42
50
61
51
58
45
33
45
56
41
47
57
55
62
42
39
39
51
32
41
40
40
38
47
34
45
44
61
46
49
42
35
36
33
29
37
45
32
24
31
26
39
33
36
33
42
33
23
39
38
44
34
22
37
30
27
24
36
25
31
33
16
47
36
39
37
20
35
32
24
33
42
41
35
40
25
30
27
25
22
28
27
34
37
21
23
24
32
31
30
26
26
17
22
23
27
26
26
14
26
25
20
32
26
30
18
20
22
28
18
22
29
21
23
22
28
18
28
18
28
25
27
25
31
24
16
22
23
28
25
18
19
23
22
26
33
32
29
20
22
28
17
36
25
34
43
98
190
281
444
680
876
1085
1256
1286
1216
959
744
462
264
145
69
50
36
45
56
100
141
231
364
528
715
951
1059
1169
982
903
627
443
248
138
71
39
23
13
16
16
11
7
14
11
10
5
9
12
8
11
13
11
10
12
13
21
9
14
15
7
14
6
16
14
4
12
10
11
6
13
9
18
7
11
6
8
12
8
13
14
9
10
7
10
8
10
10
9
16
14
23
37
47
49
45
44
42
29
24
19
13
8
12
11
12
17
12
10
7
5
12
7
11
8
12
9
11
4
9
15
13
13
5
10
16
11
10
10
18
25
50
73
116
151
236
265
306
272
292
212
188
111
62
36
21
14
7
16
5
10
3
5
6
8
10
7
6
8
8
5
11
8
3
3
8
11
9
7
7
10
6
7
8
9
8
8
7
14
14
8
5
8
9
10
6
3
14
9
6
5
7
10
14
22
23
32
43
49
62
67
70
61
58
38
41
35
22
14
10
14
9
9
7
5
10
12
6
10
7
3
13
7
14
15
14
24
43
38
54
48
41
53
40
27
15
21
24
19
25
24
43
47
68
51
54
37
33
16
23
11
7
8
2
5
7
8
7
7
7
2
7
14
8
5
8
9
8
8
5
9
8
7
9
12
8
12
7
4
8
7
10
10
8
9
16
7
4
8
6
8
7
5
4
6
9
10
10
6
7
5
6
12
11
4
12
14
10
8
7
9
8
11
12
11
9
9
8
9
8
11
9
8
15
14
19
17
14
12
19
20
19
24
14
20
16
10
6
8
5
7
12
10
6
4
11
9
10
8
6
9
5
12
13
4
6
4
13
9
6
5
13
17
12
5
3
8
12
9
9
7
4
5
10
7
6
11
6
9
4
4
10
7
8
8
7
7
4
6
9
5
10
9
7
7
6
11
7
6
18
12
7
9
12
8
22
12
8
19
10
7
7
5
8
7
9
5
4
12
11
10
9
6
6
8
8
8
5
10
10
8
8
7
9
12
13
6
11
12
12
11
8
11
7
4
7
12
7
11
5
4
6
11
11
10
11
12
12
13
7
7
12
13
25
31
25
48
48
54
55
38
51
45
30
23
17
16
9
14
9
6
11
8
12
13
12
9
16
11
8
9
9
6
9
8
10
7
11
5
12
7
8
7
6
8
7
10
7
5
8
7
6
10
7
8
8
10
6
5
9
6
12
10
5
6
12
11
12
14
13
7
8
13
5
4
12
13
14
11
10
8
9
7
9
12
15
16
9
9
8
14
11
14
13
18
13
10
8
6
13
10
7
10
6
8
5
5
6
10
9
10
12
6
13
6
12
13
9
7
15
10
5
6
6
4
10
8
8
6
5
9
10
7
9
8
11
9
13
1
8
9
10
8
10
8
12
7
15
9
6
12
11
9
11
21
17
15
14
15
24
12
8
10
14
12
8
9
9
4
11
3
5
11
6
7
8
6
7
10
11
14
11
2
7
7
10
8
12
5
15
9
11
5
9
9
13
11
7
18
6
8
10
9
9
15
5
17
16
13
10
8
9
9
11
7
6
7
15
6
11
14
2
8
13
8
6
13
10
8
15
9
8
11
10
9
9
8
5
10
16
19
15
18
20
31
32
15
21
23
14
7
11
14
8
8
12
10
10
7
6
6
7
12
10
8
10
9
7
10
6
9
13
11
9
16
17
18
19
14
12
13
13
9
11
11
11
6
9
7
16
6
12
16
9
8
7
7
7
7
10
6
13
7
7
8
10
10
7
6
12
11
10
6
12
7
8
7
8
9
7
11
6
7
10
7
14
10
7
6
4
3
6
12
9
9
6
7
7
3
6
11
7
9
9
7
7
7
10
10
10
9
11
6
15
10
11
7
6
9
7
10
15
7
7
9
10
11
7
11
5
5
4
5
9
12
8
8
4
4
5
10
9
11
6
8
17
10
8
10
7
5
5
7
7
3
6
5
7
10
5
6
10
6
6
10
6
6
6
8
4
6
15
8
7
9
8
6
4
8
5
11
5
10
2
8
4
7
10
13
15
3
6
7
9
3
6
7
8
13
9
11
8
13
16
22
21
20
31
27
27
21
19
18
8
9
11
6
9
9
8
3
7
8
7
5
8
10
9
10
11
3
9
7
6
10
8
6
11
5
11
5
12
9
5
12
8
5
9
11
11
9
15
18
14
30
21
25
25
31
21
12
18
7
11
13
8
11
9
10
11
6
6
4
8
10
9
5
11
6
8
6
4
10
9
6
10
9
6
7
5
10
11
5
7
9
10
9
7
5
7
12
8
9
4
6
12
3
6
7
7
11
5
6
3
15
6
7
7
10
6
5
4
10
13
9
7
16
9
12
13
10
7
6
9
14
18
18
22
25
15
23
23
33
31
23
38
48
30
33
24
21
24
14
15
7
8
7
5
2
4
10
8
8
4
12
7
5
10
7
2
6
10
12
8
4
13
4
6
6
6
11
12
9
12
12
10
10
12
8
9
6
9
4
10
6
8
12
6
10
6
7
4
6
4
8
7
12
6
10
12
8
12
7
7
10
9
14
6
9
6
11
4
9
8
9
7
7
9
5
7
6
8
10
11
11
7
4
5
11
3
6
7
5
11
10
9
8
6
3
10
9
13
8
11
7
5
5
4
11
8
4
2
3
9
11
5
13
6
8
6
3
8
6
6
8
10
13
28
27
49
46
60
49
55
60
34
31
26
16
15
4
6
4
8
10
6
12
12
11
10
7
14
8
14
19
19
10
12
6
9
6
8
8
11
12
3
11
3
6
4
8
4
6
7
14
7
5
5
9
4
12
5
8
5
9
6
12
7
10
8
9
6
7
7
7
7
4
9
2
8
7
3
5
3
5
5
6
2
5
9
8
7
6
9
7
6
6
12
10
8
17
10
13
9
10
10
5
9
7
5
8
10
7
1
2
8
4
10
5
10
7
6
5
6
8
6
3
6
8
7
10
2
6
5
12
7
7
7
4
4
4
7
6
5
10
10
8
7
6
11
10
7
10
8
3
12
12
13
12
16
17
10
14
18
9
21
6
7
7
9
7
6
6
1
2
6
9
9
6
10
2
4
7
5
9
6
8
8
8
13
10
12
6
7
6
9
9
10
4
8
11
7
9
7
12
7
7
7
6
9
4
5
3
7
11
8
2
5
7
6
5
12
7
6
10
8
10
8
7
5
7
10
5
6
9
3
3
9
9
8
16
9
14
29
30
27
21
21
18
20
19
26
8
12
10
9
13
10
5
3
10
6
8
2
7
5
5
7
7
6
4
3
5
10
9
5
6
10
6
5
4
5
6
6
1
9
9
4
5
7
11
2
2
5
7
6
7
10
5
4
9
6
5
5
6
7
8
8
2
6
7
6
8
9
6
9
3
5
9
10
13
10
6
12
8
6
6
8
10
9
2
7
3
9
4
3
9
5
9
5
10
8
6
7
8
5
7
7
2
8
7
6
4
6
4
7
8
6
12
7
9
9
6
7
3
3
8
6
5
5
7
6
4
6
4
4
5
6
5
7
6
7
5
7
7
3
5
5
9
5
3
6
7
4
4
6
6
5
7
4
3
9
5
8
10
3
9
4
7
1
4
10
9
4
6
12
5
7
11
6
9
7
9
6
10
8
6
3
2
4
9
5
4
6
1
3
5
7
8
5
9
11
5
17
20
46
43
64
80
94
109
110
128
125
112
77
58
40
19
28
12
15
9
6
6
6
12
13
7
8
2
10
4
5
5
12
8
7
10
12
11
12
10
13
9
9
7
7
9
14
11
6
6
7
5
12
5
3
11
6
7
10
10
2
10
3
6
7
8
10
6
9
11
3
7
5
13
10
5
9
8
5
9
5
11
9
6
9
4
12
9
8
7
3
7
14
6
5
12
8
7
7
9
7
12
12
7
7
10
5
10
8
11
3
6
5
13
4
4
7
6
7
5
11
8
6
8
11
12
6
9
14
7
8
5
9
6
8
2
9
14
10
11
14
22
24
31
26
33
40
40
32
39
27
14
13
19
7
6
6
7
7
7
9
8
2
10
10
4
8
6
8
2
8
6
4
7
4
9
6
7
6
11
9
6
5
7
7
7
7
8
6
3
12
5
7
5
5
7
8
4
6
7
4
5
5
5
6
8
9
5
7
10
9
6
7
9
4
6
14
8
9
7
6
4
2
6
6
1
4
6
8
6
8
8
4
5
4
7
1
4
3
10
4
7
6
8
7
10
7
6
7
5
11
3
8
4
5
6
5
9
7
5
6
4
6
5
6
4
13
5
9
3
4
9
6
12
5
3
8
6
12
3
16
4
8
11
6
6
5
11
3
8
3
6
6
6
8
4
7
3
9
8
7
10
14
19
12
20
16
5
17
12
10
5
4
8
8
7
5
6
11
6
8
3
11
4
5
9
3
13
8
8
6
4
5
6
7
3
4
4
11
7
9
8
3
12
7
9
6
12
8
6
7
8
10
8
9
7
5
8
5
8
7
5
5
8
9
9
4
7
13
7
6
6
5
7
9
11
6
2
2
4
3
2
9
8
6
9
2
10
7
5
3
6
9
4
6
7
7
3
9
4
9
4
5
3
4
9
7
4
5
6
5
7
9
6
5
3
7
1
6
3
8
7
5
8
6
7
3
3
4
5
7
6
5
6
6
6
8
7
5
4
4
4
2
9
4
1
5
5
9
6
7
2
4
9
6
10
11
7
9
4
2
7
3
2
3
6
4
4
9
7
5
7
5
6
5
7
6
4
12
3
1
6
2
9
6
3
5
4
4
4
3
3
7
9
4
3
2
5
1
5
3
4
4
1
4
3
4
2
3
8
7
4
9
11
8
11
20
10
10
4
8
2
4
5
3
4
5
2
3
4
4
4
3
2
5
2
4
3
2
5
2
3
6
2
4
2
1
5
4
4
4
2
2
1
1
3
2
2
1
4
3
3
3
2
6
2
3
3
2
2
4
1
1
0
2
1
0
4
2
1
2
2
4
1
6
1
2
3
2
2
5
2
3
5
2
5
6
4
4
2
8
3
1
2
4
1
2
1
3
0
0
2
2
0
1
6
1
2
1
2
2
3
4
0
1
3
0
2
1
3
4
5
3
3
3
3
2
2
1
2
1
2
0
0
2
1
1
1
2
2
1
2
3
3
2
3
2
1
2
2
2
1
4
2
3
2
0
2
1
6
2
2
7
2
0
3
3
4
1
2
1
1
3
0
0
3
7
3
1
2
1
2
2
2
0
3
2
3
4
6
1
1
3
2
2
2
4
4
1
3
1
5
3
11
15
14
35
41
59
84
100
100
97
97
84
64
48
34
10
5
6
2
4
1
2
2
1
3
5
0
0
3
2
1
1
1
1
1
1
1
3
1
1
1
2
2
0
5
2
0
1
2
0
1
0
0
3
2
1
0
2
2
2
0
0
3
0
0
0
2
1
2
1
4
1
1
0
0
1
0
0
0
2
1
2
3
0
1
0
2
0
0
2
0
1
0
1
0
1
0
0
2
0
1
0
1
0
1
3
2
1
1
2
0
2
3
1
1
0
1
1
1
1
0
0
2
1
1
0
2
0
1
1
1
1
2
1
1
0
0
0
0
1
2
1
2
1
1
1
0
1
1
1
1
0
3
1
0
0
2
2
1
0
0
2
2
2
1
1
2
5
2
1
2
0
1
0
2
0
1
0
0
1
1
2
0
3
2
0
1
0
1
0
0
2
2
1
1
3
2
1
2
0
1
3
1
0
3
1
1
1
1
3
1
1
0
0
0
0
1
0
2
2
1
2
1
4
2
1
0
3
2
0
0
2
2
3
0
3
1
3
0
1
0
3
1
0
3
1
1
0
0
1
2
0
3
3
0
2
1
0
0
0
3
1
1
0
0
1
2
0
3
1
4
1
0
1
3
2
2
2
0
1
2
0
1
1
0
1
3
0
0
1
2
0
0
1
0
0
2
1
2
1
0
2
0
1
2
1
1
0
1
1
0
2
1
0
0
0
2
0
2
3
3
1
0
0
0
2
0
3
0
0
1
0
1
0
3
3
4
2
1
3
0
5
3
2
1
2
4
2
2
1
0
2
1
0
1
0
2
1
1
1
0
1
1
1
0
1
3
1
0
1
0
0
0
0
0
0
1
1
1
0
0
2
2
1
2
2
0
2
0
1
0
1
1
1
3
1
1
0
1
1
2
0
0
1
1
0
0
1
0
2
1
2
2
2
5
0
2
2
1
3
1
0
1
0
1
1
1
6
1
0
1
6
1
0
2
0
3
2
1
0
3
3
0
0
2
1
2
1
1
1
3
1
1
0
0
3
2
3
1
4
3
4
1
6
0
2
0
4
2
0
1
3
1
4
3
1
1
1
0
0
1
0
0
2
0
0
1
1
1
3
2
0
2
2
0
0
0
0
0
1
2
2
0
2
1
0
0
1
2
0
1
1
5
1
0
4
2
2
0
0
1
1
2
3
1
4
0
0
1
2
0
2
2
2
1
0
1
2
2
0
2
0
1
2
0
0
1
0
1
3
3
1
3
0
1
2
2
3
2
2
1
2
1
1
1
0
2
0
3
0
0
1
0
1
1
1
1
1
1
1
1
2
1
0
3
1
2
0
1
3
2
2
1
4
2
1
3
0
0
0
2
1
1
2
1
0
1
1
3
1
0
1
0
2
1
2
1
0
2
0
2
0
1
0
1
0
0
0
0
1
3
1
0
1
0
0
0
1
1
1
3
1
1
0
0
2
1
1
2
3
2
0
0
1
1
4
0
1
4
2
0
1
2
0
2
2
3
2
1
2
0
1
0
2
2
0
0
3
3
1
5
0
2
4
2
2
0
3
1
1
2
2
3
3
5
0
2
5
2
1
1
1
2
1
2
2
1
2
1
1
2
2
0
1
2
4
4
4
8
6
15
11
9
11
11
4
8
5
2
3
1
5
2
0
1
0
2
0
1
1
0
2
1
3
0
2
1
1
0
3
1
1
2
3
2
1
1
2
2
1
3
2
2
1
1
1
0
1
3
4
2
2
3
2
3
2
1
3
2
0
3
1
0
1
2
0
2
1
2
4
3
3
1
0
2
0
3
1
3
0
1
1
1
2
2
0
3
1
2
1
1
0
1
2
4
1
1
4
0
2
1
2
5
1
0
1
4
3
1
2
1
3
2
2
4
1
2
2
2
4
0
2
0
0
2
1
2
3
1
3
4
0
2
2
3
2
3
2
1
3
0
2
3
3
0
0
3
2
2
3
4
2
0
0
6
1
2
2
3
3
5
3
5
1
1
5
2
5
4
4
1
1
3
1
3
1
1
3
0
4
2
3
0
1
1
0
4
1
3
4
2
2
1
0
0
3
1
3
1
1
3
3
2
0
1
4
0
2
2
1
3
2
2
1
5
0
4
2
2
3
1
1
1
1
6
2
4
6
3
2
2
1
2
0
2
5
0
3
1
2
3
4
1
4
4
3
3
3
3
0
0
1
3
1
4
3
2
0
2
2
2
3
3
2
3
5
0
7
1
1
2
1
1
0
6
3
1
2
4
2
0
2
2
1
4
4
2
3
1
4
0
1
0
1
3
2
3
1
1
0
2
2
4
1
1
0
1
5
1
1
0
2
1
2
3
1
1
1
4
4
1
3
0
1
1
1
2
2
3
4
2
4
7
1
2
3
4
2
1
2
2
5
4
1
0
3
0
2
1
1
2
3
2
3
3
4
1
4
2
1
2
0
2
6
1
4
2
2
0
0
1
2
3
3
2
1
1
3
2
1
1
1
2
2
1
3
2
1
4
4
3
1
0
1
5
2
3
2
4
2
3
5
4
8
4
5
5
8
4
5
4
0
3
4
2
0
2
3
2
4
0
0
3
1
3
1
4
3
1
1
0
4
1
3
0
3
1
2
2
5
1
4
0
1
3
2
4
3
1
1
3
2
2
5
2
3
4
1
1
2
0
2
1
7
3
3
0
2
3
7
1
1
2
6
1
4
1
2
2
1
4
3
2
2
2
4
2
1
4
1
1
4
0
3
2
2
3
0
2
1
2
2
3
1
1
1
0
4
1
0
4
2
3
1
3
0
2
3
1
1
1
4
2
2
6
2
2
2
3
2
3
1
2
3
2
3
2
3
1
1
3
1
1
2
1
1
5
2
0
0
1
2
2
4
1
3
1
0
3
2
5
2
3
2
3
1
2
0
1
2
3
2
0
2
1
5
2
3
3
1
2
3
2
2
1
2
1
0
2
5
2
1
3
3
1
1
1
3
2
2
2
2
1
2
1
5
3
3
2
1
1
3
2
0
3
3
3
2
0
1
2
1
2
5
2
2
1
1
0
0
1
1
3
2
5
0
2
1
5
6
2
0
0
0
3
3
0
0
1
1
6
3
1
2
1
2
2
0
6
6
1
1
3
5
2
2
2
0
3
3
3
3
3
1
4
1
1
3
1
2
2
4
4
1
0
2
2
2
3
0
1
1
2
1
3
3
2
5
0
3
2
2
3
4
4
8
9
12
13
21
32
26
40
64
55
57
52
50
50
39
24
18
9
8
3
7
3
4
1
4
4
4
4
5
9
5
4
4
3
4
4
4
4
4
3
3
8
5
3
3
4
4
1
2
1
1
4
3
2
3
2
1
2
4
1
2
5
4
3
8
1
3
3
1
4
5
1
1
1
3
0
1
2
4
2
2
3
3
2
2
4
4
1
2
2
7
2
2
2
4
1
2
2
2
6
1
7
4
4
4
1
6
2
2
2
3
2
2
4
1
3
3
3
4
4
1
1
1
3
1
4
4
3
1
1
0
4
5
1
5
2
4
3
1
2
5
2
0
3
1
3
3
2
6
3
2
4
4
2
5
1
2
4
1
1
1
3
3
2
3
2
2
2
2
2
7
6
7
5
0
0
3
3
1
4
1
6
4
1
2
5
1
1
2
5
1
3
2
3
4
1
4
3
3
5
3
4
2
2
1
2
5
2
5
3
2
2
2
1
2
2
1
0
4
2
4
3
1
3
3
5
2
2
4
4
1
3
2
2
1
2
1
5
2
1
1
2
1
3
2
3
1
2
3
3
2
4
1
5
2
2
2
2
0
2
4
6
2
6
4
3
4
6
2
0
2
1
3
1
4
4
5
2
0
1
1
5
5
5
1
4
2
5
2
3
2
6
3
4
5
0
1
3
1
3
2
3
2
3
0
6
5
0
0
3
1
2
2
3
4
3
3
1
4
4
3
3
7
1
5
3
2
2
3
4
4
4
2
6
5
2
2
5
3
5
2
2
2
1
2
4
2
4
2
2
5
5
2
1
2
3
2
5
4
2
3
1
1
2
2
2
4
3
2
3
1
1
3
1
2
1
1
5
2
1
4
1
3
2
3
3
5
3
2
4
4
1
0
0
4
1
5
4
2
1
1
1
1
4
4
0
5
5
4
6
6
5
4
10
4
5
5
3
3
4
3
0
1
4
2
0
4
5
4
3
0
0
1
3
3
2
5
4
4
3
5
6
2
4
1
1
4
5
1
2
2
1
2
1
4
4
1
5
0
4
5
5
4
1
2
4
1
1
0
6
3
0
1
3
1
2
5
1
6
1
3
2
3
0
1
3
4
1
0
2
2
1
2
2
1
3
2
0
1
0
1
1
2
2
1
2
1
1
0
0
3
2
1
1
0
3
1
2
2
0
3
0
1
2
0
0
1
3
0
0
0
0
0
0
0
2
0
2
0
1
2
0
1
1
1
0
1
1
2
2
0
2
2
0
0
1
1
1
1
0
1
0
0
1
1
0
1
1
1
0
2
0
2
1
1
1
0
0
2
1
1
0
0
0
1
1
0
0
0
0
1
0
1
0
2
0
0
1
0
1
0
1
0
1
0
0
1
0
0
0
0
1
0
0
0
0
0
1
1
0
1
0
0
0
0
1
0
0
0
0
0
0
0
0
1
2
1
0
0
0
0
1
1
1
0
1
0
1
1
0
0
0
0
0
0
0
0
0
0
0
0
0
0
2
1
0
0
0
0
0
5
0
0
0
1
0
0
0
1
0
0
0
0
0
1
1
1
0
2
0
0
0
0
0
0
0
0
2
0
0
0
0
0
2
1
1
0
2
1
1
0
3
2
1
1
6
10
10
18
21
31
26
33
45
36
30
31
27
13
19
7
3
2
1
0
1
0
0
0
0
0
0
0
0
0
0
0
0
0
0
1
3
0
0
0
0
0
0
0
0
1
0
0
0
0
0
0
0
0
0
1
1
0
0
0
0
0
1
0
0
0
0
1
0
0
0
0
0
0
0
0
0
0
0
0
0
0
0
1
1
0
0
0
1
0
0
0
0
0
0
0
1
1
0
0
0
0
0
1
0
0
0
0
0
0
0
1
0
1
0
1
0
2
0
0
0
0
0
0
0
0
0
0
0
0
1
0
0
0
0
1
0
0
1
0
0
0
0
0
0
0
0
0
0
0
0
0
0
0
0
1
0
0
1
0
1
0
1
0
0
0
0
0
0
0
0
0
0
1
1
0
0
1
0
0
0
0
0
0
0
0
0
0
0
0
1
0
1
0
0
0
0
1
0
0
0
0
0
0
0
1
0
0
0
0
0
0
0
0
1
0
0
0
0
0
0
0
0
0
1
0
0
0
0
1
0
0
0
0
0
0
0
0
0
1
0
1
0
0
0
0
0
1
0
0
0
0
0
0
1
1
0
0
0
0
0
1
0
0
0
0
0
0
0
0
0
0
1
1
0
0
0
0
1
1
0
0
0
1
0
1
0
0
0
1
0
0
1
1
0
0
1
0
1
1
1
0
2
0
0
0
0
0
0
0
0
2
0
1
0
0
0
0
0
0
0
0
0
0
0
0
0
0
0
0
0
1
0
0
1
0
0
1
0
0
0
0
0
1
0
1
1
0
0
1
0
0
0
0
0
0
0
0
0
0
0
0
0
0
0
1
0
1
0
0
0
1
0
0
0
0
0
0
0
0
0
0
0
0
0
0
0
0
1
0
0
2
0
0
0
0
0
0
0
0
1
0
0
1
0
0
0
0
1
0
0
0
0
0
0
0
0
0
0
0
0
0
0
0
0
0
0
0
0
1
0
1
0
0
0
0
0
0
0
0
0
0
0
0
0
0
0
0
1
0
0
0
1
0
0
1
0
0
1
0
0
0
0
0
0
0
0
0
0
0
1
0
0
0
0
0
0
1
0
0
1
0
0
1
1
0
0
0
0
0
0
0
1
0
0
0
0
0
1
0
0
0
0
0
1
0
0
0
0
0
0
0
0
1
0
0
0
0
0
0
0
0
0
0
0
0
1
0
0
0
0
0
1
1
0
0
1
0
0
0
0
0
0
0
0
1
0
0
0
0
0
0
0
0
1
0
0
0
1
0
0
0
0
0
0
0
0
1
0
0
0
0
0
0
1
0
0
0
0
0
0
0
0
0
1
0
0
1
0
0
0
0
0
0
0
0
0
0
1
0
0
0
0
1
0
0
0
0
1
0
0
0
0
0
0
0
0
0
0
1
1
0
0
0
0
0
0
0
0
0
0
0
0
0
0
1
1
0
0
0
0
0
0
0
0
0
0
0
0
0
0
0
1
0
0
0
0
0
0
0
0
0
0
0
0
0
0
0
0
0
0
0
0
0
1
0
0
0
0
0
0
0
0
0
0
0
0
0
0
0
0
0
0
0
0
1
0
0
0
0
0
0
0
0
0
0
0
0
0
0
0
0
1
0
0
0
0
0
0
0
0
0
0
0
0
0
0
0
0
0
0
0
0
0
0
0
0
0
0
0
0
0
0
0
1
0
0
0
1
0
0
0
0
0
0
0
0
0
0
0
0
0
0
0
0
0
0
0
0
0
1
0
0
0
0
0
0
0
0
0
0
0
0
2
0
0
0
0
0
1
0
0
0
0
0
0
0
0
0
0
0
1
0
0
0
0
0
0
0
0
0
0
0
1
0
0
0
1
0
0
0
0
0
0
0
0
0
0
0
0
0
0
0
0
0
0
0
0
0
0
0
0
0
0
0
1
0
1
0
0
0
0
0
0
0
0
1
1
0
0
0
0
0
0
0
0
1
0
0
1
0
0
0
0
0
1
0
0
0
0
0
0
0
0
0
0
0
0
0
0
0
0
0
0
1
1
0
0
0
1
0
0
0
0
0
0
0
0
0
0
0
0
0
0
0
0
0
0
0
0
0
0
0
0
0
0
0
0
0
0
0
0
0
2
0
0
0
0
0
0
0
1
0
0
0
0
0
0
0
0
0
0
0
0
0
0
0
0
0
0
0
0
0
0
0
0
0
0
0
0
0
1
0
0
0
0
0
1
0
0
0
0
1
0
0
0
0
0
0
1
1
0
0
0
0
0
0
0
0
0
0
0
0
0
0
0
0
0
0
1
0
0
0
0
0
0
1
0
0
0
0
0
0
0
0
0
0
1
1
0
0
0
0
0
0
0
0
0
0
0
0
0
0
0
0
0
1
0
0
0
0
0
0
0
0
0
0
0
0
0
0
0
0
0
1
0
0
0
0
0
1
0
0
0
0
0
0
1
0
0
0
0
0
0
0
0
0
0
0
0
0
1
1
0
0
0
0
0
0
0
1
0
0
0
0
0
1
0
0
0
0
0
0
0
0
0
0
0
0
0
0
0
0
0
0
0
0
0
0
0
0
0
1
0
0
0
0
0
0
0
0
0
0
0
0
0
0
2
0
1
0
0
0
0
0
0
0
0
0
1
0
0
0
0
0
0
1
0
0
0
0
0
0
0
0
1
0
0
0
0
0
0
0
0
0
0
0
0
0
0
0
0
0
0
0
1
0
0
0
0
0
1
0
0
0
0
0
0
0
0
0
0
0
0
0
1
0
0
0
0
0
0
0
0
0
0
0
1
0
0
1
0
0
0
0
0
0
1
0
1
0
0
0
0
0
0
0
1
0
0
0
0
0
0
0
0
0
0
0
0
0
0
0
0
1
$ENER_FIT:
-2.1070 0.716005 0.000000e+00
$MCA_CAL:
3
-2.1070 0.716005 0.000000e+00
$ENDRECORD:
