$SPEC_ID:
Sample title.

$MEAS_TIM:
2770.99000 3383.78000
$DATE_MEA:
10/15/2019 3:42:33 PM
$DATA:
0 16383
0
0
0
11
8
3
0
0
0
0
0
0
1
0
1
3
14
212
1704
4717
6248
6928
7370
7564
7979
7848
7844
7842
7670
7687
7367
7151
6711
6378
6046
5662
5364
5650
5383
5358
5579
5955
6362
6742
6873
6510
5868
5792
5822
5710
5531
5717
5821
5894
6034
6128
6264
6458
7455
9260
11866
13834
12916
9881
7524
6595
6657
7104
8023
8778
9013
8176
7348
6825
6659
6364
6531
6528
6392
6608
6624
6652
6625
6859
6672
6756
6939
7153
7133
7167
7189
7357
7246
7618
7780
7905
7829
7848
7586
7529
7511
7826
8318
9251
9722
10624
11583
11733
10977
10732
11106
12787
15495
16659
14591
10636
9006
10569
15055
18239
16784
12497
9568
8851
9206
10416
11881
12540
12049
11188
9566
8180
7240
6940
6811
6588
6956
6829
6779
6922
6861
6926
6827
7024
7010
7415
8584
11069
13350
13068
10814
8913
7873
7576
7281
7279
7149
7275
7327
7255
7415
7476
7633
7517
7471
7342
7528
7777
7717
7691
8580
10765
13875
15226
13285
10306
8913
8606
8145
7622
7475
7556
7536
7525
7526
7421
7383
7708
7473
7576
7532
7933
8417
8821
8736
8557
8005
7929
7834
7859
7771
7749
7739
7903
7816
7923
7966
7886
8110
8037
8100
7902
8066
8182
8134
8271
8095
8123
8350
8222
8190
7985
8082
8515
8363
8531
8329
8309
8525
8496
8691
8702
8610
8932
9392
9784
10025
9881
9626
9459
9374
9489
10024
12863
21764
36039
44732
37602
22285
12931
9887
9291
9044
9624
11839
17825
25770
29002
22881
15310
10780
9683
9277
9015
9178
9766
10222
9880
9359
9083
9132
9058
8952
8996
8930
9033
8945
9108
9741
10996
13229
14037
12929
10936
9346
8954
9131
9023
9077
9088
8945
8935
8873
9091
8858
9016
9713
11928
14716
15873
14381
11682
9900
9557
9649
9346
9145
9286
9428
9563
9846
9998
9607
9347
9064
8999
9059
9139
9128
9075
9301
9385
9950
10947
11396
11215
10474
9609
9413
9422
9203
9331
9227
9411
9435
9579
9396
9481
9578
9563
9860
9694
9892
9764
9851
10084
10093
9937
9843
10015
10143
9918
10011
9983
9942
9977
9990
10257
10123
10540
10803
10698
10135
10192
9977
10037
10127
10169
10218
10106
10141
10158
10253
10322
10378
10458
10287
10385
10568
11057
11946
13595
13546
12674
11603
11238
11265
11293
11203
11743
12455
12349
12000
11623
11391
11206
11267
11538
11552
11469
11534
11594
11628
11606
11956
11753
11474
11803
11687
11537
11683
11675
11820
11884
12065
12349
12351
12394
12355
12297
12087
11963
11964
12078
11766
12031
12131
12159
11756
11867
11667
11719
11480
11333
11250
10865
10787
10670
10484
10554
11529
13096
13612
12531
10701
9400
8784
8682
8500
8188
8452
8176
8025
8055
7841
7956
7849
7879
7713
7724
7420
7696
7631
7523
7570
7483
7798
9117
11880
14691
13982
11313
8962
7601
7072
7164
7495
8275
11058
15359
18619
17031
12003
8317
6805
6205
6379
6270
6365
6710
7524
7923
8768
12279
18348
22272
19564
12618
7769
5986
5605
5370
5311
5274
5362
5224
5189
5133
5034
4962
5099
5098
5371
5887
7212
7751
7588
6183
5367
4834
4951
5192
6243
7196
7603
6557
5689
5075
4707
4794
4603
4645
4975
4945
4760
4617
4561
4575
4480
4529
4432
4507
4379
4523
4498
4631
4635
4887
4730
4531
4360
4305
4327
4245
4368
4213
4220
4447
4312
4408
4352
4283
4420
4433
4552
4537
4638
4759
4680
4443
4391
4251
4245
4253
4304
4492
4858
5545
5641
5088
4690
4247
4132
4281
4343
4205
4267
4239
4181
4210
4145
4240
4235
4165
4120
4184
4001
3992
4055
4035
4009
4090
3985
4024
3921
4100
4113
4029
4150
4099
4090
4216
4331
4290
4634
5747
7187
7697
6849
5245
4582
5272
6522
7341
6739
5664
4667
4164
4094
4035
3991
4064
4107
4157
4535
4968
5194
5267
5072
4795
4299
4117
4163
4217
4414
4637
4774
4602
4477
4300
4659
5319
6020
6302
6028
5240
5068
5914
9257
18432
35318
58407
82191
99841
110039
116069
120608
122929
124002
124220
124119
123732
123292
121633
118111
114744
108488
98130
83778
64689
42490
22917
10530
4954
3250
2763
2840
2595
2709
2725
2702
2770
2778
2754
2635
2661
2757
2689
2770
2778
2875
2861
2821
2762
2697
2711
2761
3122
3379
3460
3428
3236
3523
4281
6375
8755
11380
12196
10667
8234
5627
4091
3528
3792
5086
7171
13453
29799
54390
67320
53235
27095
10366
4187
2903
2635
2524
2436
2391
2440
2495
2475
2397
2366
2403
2341
2470
2431
2454
2412
2391
2363
2343
2328
2436
2531
2571
2619
2506
2456
2454
2391
2499
2512
2522
2366
2339
2299
2263
2286
2348
2304
2432
2213
2234
2325
2258
2270
2373
2451
2491
2530
2431
2420
2285
2306
2246
2320
2400
2475
2562
2613
2626
2536
2460
2358
2324
2422
2711
2887
2897
2557
2404
2345
2215
2294
2364
2331
2363
2340
2445
2334
2258
2231
2269
2367
2699
3552
4750
5403
5384
4528
3395
2627
2299
2247
2264
2292
2285
2453
2677
3287
3577
3349
2834
2528
2412
2320
2318
2168
2232
2205
2233
2316
2293
2262
2343
2227
2405
2474
2710
2568
2409
2264
2262
2257
2229
2312
2189
2283
2402
2337
2404
2412
2502
2661
2755
2547
2325
2300
2204
2303
2232
2179
2114
2242
2227
2305
2416
2515
2610
2602
2449
2390
2322
2336
2375
2255
2277
2230
2355
2328
2406
2552
2547
2557
2427
2288
2235
2188
2268
2145
2353
2467
2718
2991
2985
2713
2361
2234
2257
2504
2572
2527
2443
2240
2299
2440
2554
2792
2849
2747
2942
4130
6141
7369
6599
4496
3097
2396
2344
2545
2668
2663
2370
2307
2164
2104
2159
2150
2267
2230
2205
2254
2313
2273
2414
2503
2317
2264
2217
2161
2215
2287
2292
2352
2429
2330
2453
2327
2217
2276
2105
2220
2297
2387
2649
3500
5134
7047
7320
5531
3614
2453
2316
2359
2497
2412
2275
2216
2212
2118
2127
2122
2105
2149
2151
2243
2326
2370
2377
2314
2209
2130
2248
2174
2248
2406
2459
2360
2304
2126
2220
2230
2223
2262
2096
2183
2118
2203
2054
2177
2048
2137
2185
2585
3941
7515
12274
14347
11497
6776
3661
2690
2349
2229
2088
2206
2184
2190
2320
2505
2685
2675
2583
2285
2245
2144
2249
2279
2251
2332
2272
2178
2184
2105
2054
2105
2323
2370
2493
2567
2950
3070
3144
2778
2417
2186
2143
2143
2166
2073
2071
2184
2351
2497
2724
2585
2534
2276
2133
2213
2108
2211
2298
2569
3877
6615
9926
11420
9034
5515
3065
2386
2188
2129
2285
2184
2105
2292
2419
2749
3074
3167
3003
2647
2459
2190
2271
2455
2924
3209
3433
3584
3608
3426
2709
2401
2222
2283
2241
2141
2148
2206
2252
2424
2540
2330
2182
2170
2122
2031
2126
2080
2019
2059
2091
2021
2143
2196
2218
2205
2181
2370
2676
3091
2976
2753
2631
2841
3194
3116
2838
2491
2316
2173
2233
2229
2221
2195
2282
2282
2258
2401
2390
2332
2164
2175
2215
2137
2235
2238
2157
2337
2510
2474
2451
2440
2507
2541
2476
2422
2231
2325
2959
4866
8702
12280
12299
8875
5289
3236
2700
2827
3519
4443
4539
3679
2786
2305
2317
2286
2311
2265
2317
2415
2564
2678
2919
2801
2569
2290
2185
2234
2158
2283
2199
2258
2298
2504
2592
2481
2418
2422
2479
2740
3037
3449
3571
3467
3031
2677
2535
2572
2677
2665
2453
2398
2252
2393
2468
2514
2353
2201
2118
2114
2204
2129
2129
2157
2157
2252
2296
2309
2264
2288
2229
2370
2386
2428
2276
2251
2331
2562
3054
4326
5709
6342
5483
4059
2947
2477
2354
2333
2400
2394
2214
2191
2245
2248
2349
2317
2289
2270
2250
2276
2210
2282
2310
2381
2610
2554
2615
2621
2652
2738
2991
3539
4224
4312
3877
3097
2553
2408
2358
2278
2224
2245
2271
2279
2219
2267
2263
2277
2334
2358
2288
2292
2276
2256
2310
2373
2383
2373
2352
2373
2449
2651
3170
4375
5825
6622
6150
4593
3173
2529
2279
2234
2166
2316
2370
2321
2299
2265
2388
2359
2302
2314
2383
2400
2496
2502
2553
2639
2942
3434
4095
4011
3427
2704
2380
2219
2313
2321
2358
2402
2194
2442
2406
2342
2153
2154
2251
2359
2649
2856
3195
3599
3549
3076
2764
2463
2349
2461
2828
3227
3404
3253
2783
2450
2456
2847
3239
3425
3115
2665
2368
2241
2311
2250
2243
2207
2264
2184
2220
2428
2568
2657
2614
2615
2685
2704
2894
2806
2780
2661
2649
2454
2256
2307
2368
2296
2343
2338
2344
2349
2454
2623
2640
2690
2477
2379
2275
2436
2872
3442
3646
3339
2852
2612
2560
2420
2478
2502
2468
2441
2435
2362
2301
2295
2236
2190
2209
2152
2154
2293
2171
2268
2290
2329
2234
2433
2844
3640
4217
4228
3714
2960
2549
2331
2197
2174
2252
2236
2271
2316
2485
2441
2361
2335
2319
2202
2174
2173
2202
2293
2393
2466
2605
2561
2391
2195
2263
2323
2231
2324
2307
2397
2455
2409
2480
2525
2455
2343
2312
2263
2230
2361
2334
2336
2325
2589
2896
2941
2879
2458
2334
2469
2442
2430
2359
2251
2274
2208
2236
2263
2122
2157
2143
2283
2396
2499
2441
2399
2234
2206
2203
2208
2238
2142
2266
2254
2297
2498
2621
2801
2627
2426
2333
2311
2197
2239
2250
2271
2204
2360
2773
3396
4493
4951
4542
3812
2901
2420
2306
2288
2150
2200
2158
2277
2390
2488
2613
2726
2927
3156
3264
3067
2840
2633
2636
2552
2761
3472
4698
5735
5582
4265
3351
2749
2816
2690
2620
2427
2308
2379
2441
2527
2481
2340
2298
2417
2534
2642
2780
2854
2838
2784
2566
2468
2277
2279
2323
2287
2260
2347
2444
2795
3746
5282
6169
5959
4608
3556
3320
3656
4804
6842
8582
9048
7474
5674
4168
3281
2606
2502
2561
2985
3476
4029
4000
3418
2793
2632
2685
2918
3110
3168
2906
2671
2510
2390
2329
2314
2300
2356
2278
2275
2292
2350
2395
2329
2378
2346
2520
2791
3185
3568
4160
4521
4762
4245
3332
2526
2218
2158
2107
2084
2179
2185
2248
2250
2163
2308
2266
2203
2261
2190
2210
2356
2290
2303
2270
2239
2123
2177
2078
2013
2254
2113
2166
2168
2197
2154
2171
2155
2207
2313
2196
2235
2280
2204
2167
2295
2326
2352
2416
2363
2265
2220
2281
2202
2114
2178
2240
2238
2315
2510
2643
2786
2716
2560
2588
2266
2247
2204
2136
2129
2206
2278
2298
2431
2335
2202
2273
2274
2263
2313
2310
2144
2251
2212
2444
2580
2612
2668
2526
2271
2360
2417
2438
2486
2514
2371
2208
2208
2303
2416
2389
2608
3183
4532
6185
7011
6257
4593
3524
2939
2754
2543
2465
2628
2708
2948
3197
2958
2727
2741
3568
5588
8045
9301
8139
5809
3621
2652
2335
2431
2466
2243
2193
2219
2331
2353
2562
2475
2442
2308
2239
2169
2155
2153
2128
2152
2251
2478
2599
2780
2667
2543
2233
2262
2122
2198
2131
2200
2168
2064
2203
2326
2464
2406
2541
2604
2547
2423
2354
2354
2283
2299
2321
2272
2338
2313
2313
2311
2229
2198
2218
2188
2177
2119
2177
2155
2139
2287
2235
2356
2380
2653
2769
2911
2608
2526
2469
2470
2569
2510
2360
2347
2254
2202
2270
2271
2168
2202
2269
2295
2234
2125
2314
2274
2354
2356
2274
2406
2462
2385
2398
2507
2363
2382
2280
2248
2298
2435
2343
2260
2327
2481
2593
2879
3069
2974
2732
2499
2334
2369
2576
2738
2922
2802
2592
2488
2374
2323
2363
2382
2453
2516
2435
2395
2424
2376
2400
2393
2489
2579
2726
2749
2725
2823
2715
2524
2510
2603
2695
2931
3180
4444
7336
11533
14533
13868
9722
5868
3590
2689
2608
2744
3178
4330
6384
8603
9090
7535
5079
3551
2783
2595
2517
2407
2569
2566
2587
2542
2644
2595
2766
2798
3092
2995
2996
2846
2692
2697
2753
2906
2975
3080
2941
2977
2896
2840
2941
2943
2880
2743
2803
2874
2839
2895
2843
2816
2796
2768
2912
2966
2865
2969
2845
2859
2894
2977
2980
3010
3147
3321
3794
4603
5956
7015
7697
7645
7011
6375
5843
5053
4351
3800
3470
3367
3224
3238
3132
3042
2949
3102
3047
3153
3229
3317
3465
3345
3201
3172
3184
3273
3187
3289
3421
3654
3787
3630
3614
3354
3326
3175
3319
3267
3299
3281
3301
3181
3151
3135
3295
3265
3307
3204
3304
3335
3227
3378
3358
3319
3385
3244
3442
3432
3462
3313
3409
3276
3438
3396
3477
3463
3795
4378
5255
6436
6711
6283
5276
4576
4176
4098
3940
3784
3861
3916
4199
4469
4524
4373
4229
4044
3687
3522
3542
3581
3683
3868
4276
4669
5028
4766
4525
3999
3698
3578
3565
3605
3695
3662
3611
3699
3717
3974
3962
3866
3705
3627
3625
3657
3893
3957
4360
4551
4484
4272
3947
3835
3597
3733
3561
3599
3644
3702
3569
3649
3743
3871
3906
3777
3961
3840
3853
3791
3675
3749
3623
3686
3732
3776
3882
3746
3755
3689
3815
3737
3836
3970
4094
4004
3863
3806
3803
3744
3716
3722
3797
3857
3694
3688
3847
3751
3589
3973
3827
3943
4118
4251
4072
4131
3797
3962
4101
4129
3972
3842
3779
3767
3938
3904
3961
3979
4076
4049
3890
3893
3836
3875
3902
3911
3887
3876
3953
3860
3960
3902
3869
3913
3956
3952
3896
4005
4081
4048
4134
4515
4968
5284
5241
5191
5119
5271
5181
4961
4536
4352
4225
4141
4107
4026
4006
3927
4019
4005
4025
3986
4031
4006
4121
4040
4108
4253
4088
4293
4337
4320
4304
4244
4235
4192
4271
4064
4079
4109
4283
4208
4742
5640
7071
8069
7852
7006
5628
4643
4437
4398
4655
5075
5077
4772
4890
4806
5010
5102
4762
4619
4533
4378
4399
4610
4508
4391
4430
4326
4395
4515
5083
5768
6159
5963
5509
4988
4717
4485
4567
4714
4562
4650
4608
4624
4531
4541
4388
4554
4520
4519
4580
4510
4549
4580
4478
4582
4523
4501
4515
4445
4593
4453
4543
4569
4583
4547
4567
4709
4645
4635
4586
4540
4749
4817
4637
4718
4683
4951
4745
4697
4842
5456
6470
7882
8705
8454
7504
6497
5818
5453
5183
5137
5000
5114
5065
5141
5183
5109
4971
5066
5089
4927
5013
4897
4883
4798
4887
4981
5119
4966
4836
4927
4947
4988
5028
5102
5066
5241
5169
5166
5303
5261
5348
5174
5157
5127
5211
5235
5342
5557
5704
5542
5654
5443
5388
5280
5443
5165
5494
5522
5888
6112
6127
6100
5799
5465
5170
5001
4922
4737
4854
4818
4720
4687
4682
4692
4941
5399
6582
9233
11780
12634
11024
8328
6327
5597
5174
4894
4507
4348
4327
4235
4093
4101
4084
4166
4194
4121
4159
4100
4070
4135
4195
4071
4140
4239
4048
4111
4140
4165
4202
4255
4224
4239
4159
4201
4117
4068
4033
3941
3885
3959
3993
4033
3979
3966
3988
3826
3993
4046
4302
4486
4516
4251
4266
3900
3894
3923
3896
3846
3724
3911
3916
3800
3826
3739
3777
3699
3801
3756
3775
4140
5140
7322
10797
13235
13069
10145
6897
4575
3743
3533
3347
3340
3346
3371
3405
3471
3574
3382
3356
3239
3214
3307
3308
3483
3639
3439
3425
3379
3170
3157
3173
3110
3003
3118
3056
3178
3144
3005
3024
2950
2950
2982
3011
3234
3386
3631
3665
3682
3521
3556
3235
3106
2962
2816
2727
2743
2651
2621
2652
2661
2678
2784
2629
2646
2703
2590
2532
2606
2640
2720
2618
2603
2501
2570
2552
2492
2443
2558
2550
2685
2621
3128
3798
4449
4488
3882
3133
2687
2620
2427
2365
2488
2443
2486
2450
2434
2375
2348
2227
2169
2291
2234
2114
2245
2111
2183
2194
2300
2194
2339
2313
2343
2284
2360
2232
2168
2141
2108
2136
2000
2087
2072
2125
2104
2057
2241
2415
2280
2397
2306
2144
2082
2119
2158
2175
2214
2112
2030
2043
2041
2006
2053
2073
2007
2025
2047
2018
2100
2146
2495
2565
2708
2751
2502
2369
2308
2182
2019
1993
1820
1899
2063
1936
1883
1963
1887
1867
1976
1977
2133
2411
3045
3423
3322
3055
2549
2552
2427
2403
2196
2002
1902
1894
1838
1832
1842
1797
1800
1768
1815
1862
1820
1902
2048
2007
1984
1772
1821
1877
1803
1747
1673
1709
1712
1752
1743
1876
1826
1922
1914
1953
1976
2020
2058
2019
1998
2066
2079
2441
2525
2410
2167
1957
1896
1891
2116
2551
5199
14632
39636
86477
141543
170693
149707
96751
44742
16039
5224
2313
1635
1651
1750
2038
2272
2428
2281
1997
1770
1592
1701
1808
1785
1891
1895
1959
2081
2027
1893
1766
1593
1593
1595
1582
1648
1575
1558
1549
1477
1564
1490
1547
1579
1561
1592
1414
1524
1495
1488
1491
1391
1459
1528
1420
1456
1486
1465
1414
1503
1529
1570
1697
1544
1576
1531
1680
1775
2034
2006
1976
1665
1492
1435
1374
1366
1434
1444
1503
1633
1819
2470
4352
9126
17552
27131
31922
28252
18360
8845
3910
2007
1565
1906
3318
6682
12415
18634
20654
17385
11061
5447
2621
1553
1378
1307
1374
1482
1615
1510
1496
1347
1338
1285
1344
1478
1541
1535
1490
1421
1388
1410
1373
1433
1464
1450
1261
1229
1292
1247
1207
1253
1276
1239
1243
1161
1160
1253
1327
1515
1572
1509
1317
1274
1377
1474
1728
1921
2207
2289
2197
1780
1429
1315
1190
1191
1222
1147
1058
1160
1140
1117
1147
1160
1087
1127
1106
1184
1202
1179
1248
1236
1307
1354
1298
1355
1368
1402
1366
1248
1257
1321
1287
1313
1387
1533
1779
2059
2233
2091
1753
1485
1263
1159
1055
1082
1106
1120
1197
1082
1158
1168
1159
1083
1144
1100
1107
1217
1217
1382
1644
2417
3797
5164
5686
5083
3570
2324
1540
1202
1050
1076
1041
1061
1035
1071
1044
1082
1067
1071
1068
1008
1148
1177
1281
1266
1276
1201
1134
1105
1116
1170
1143
1103
1044
1006
1052
1070
985
1057
1021
933
1061
976
962
1028
1034
1032
980
1002
1044
1078
1105
1176
1283
1327
1335
1189
1089
1027
994
997
1022
1006
1039
1157
1191
1223
1317
1283
1315
1198
1119
1177
1105
1241
1197
1193
1125
1171
1172
1190
1308
1463
1526
1500
1350
1252
1165
1099
1117
1220
1194
1334
1373
1400
1337
1150
1141
1074
1010
974
1001
957
963
1004
981
951
989
1094
1070
1244
1295
1356
1523
1459
1477
1363
1356
1251
1174
1065
1126
1010
1020
1033
1099
1085
1090
1111
1243
1342
1499
1543
1378
1219
1088
1080
1041
997
961
940
971
1047
1093
965
1007
1000
1041
1031
1085
1028
1049
1022
1059
1095
1016
1068
1066
1143
1190
1117
1129
1142
1117
1136
1114
1196
1067
1169
1064
981
1013
1059
1090
1122
1210
1215
1129
1101
1103
1599
2923
6209
11739
17303
19795
17038
10941
5541
2540
1348
1064
967
1021
1038
1052
1108
997
1042
1093
1169
1229
1351
1164
1030
1003
952
1002
1062
1054
1019
1028
1019
982
949
1018
986
960
950
1001
998
934
942
942
917
928
933
1019
1029
1068
1190
1083
1146
1082
1076
1022
1045
1012
964
952
986
888
918
932
903
934
1010
969
977
1025
1030
1086
1094
1118
1110
1102
1056
1030
1033
1018
1025
977
934
987
932
1000
1113
1293
1351
1347
1290
1220
1031
1051
1111
1408
2142
3227
4360
4644
3943
2717
1810
1291
1122
1075
1032
1095
1248
1332
1552
1559
1463
1395
1216
1088
1064
999
965
999
990
973
907
909
932
1002
1033
1009
1079
1012
1036
987
1068
973
1039
954
995
1016
1001
977
1032
1011
1038
1003
982
979
947
976
1007
979
1010
1031
1104
1032
1159
1162
1115
1045
1017
1023
1003
951
940
934
932
958
996
949
985
958
986
963
955
975
1001
1002
1056
1137
1205
1219
1214
1127
1109
996
925
932
980
1031
942
977
969
1014
960
987
956
962
943
1011
1004
995
985
935
975
972
1014
1068
1045
1031
998
1036
1030
985
966
991
963
1009
964
983
1072
1248
1529
2207
3026
3517
3371
2629
1792
1346
1115
1059
1055
1108
1015
1079
1073
1032
1067
1055
1042
957
990
979
935
984
997
978
1013
976
1037
943
979
1023
1058
1203
1326
1263
1331
1177
1128
1240
1397
1482
1527
1437
1236
1120
1030
971
972
1032
1068
1142
1185
1243
1198
1133
1085
1130
1161
1156
1143
1065
1088
1089
1127
1288
1558
1616
1649
1443
1324
1119
1080
996
1016
1024
1064
1000
979
959
1041
1019
983
999
1130
1097
1050
1018
1004
1002
941
998
928
983
984
1031
1068
1059
1055
1038
1132
1163
1165
1211
1099
1093
962
935
900
894
923
944
1001
925
967
964
1020
1015
1039
987
987
972
936
940
969
1045
1060
1046
1168
1250
1214
1164
1338
1485
1668
1564
1389
1266
1153
959
957
959
965
1007
990
962
943
988
986
1009
956
1015
975
950
996
978
1051
1146
1118
1057
1025
1012
984
950
956
922
1014
1001
935
946
960
966
937
909
918
950
934
1015
1035
982
992
957
973
1029
975
1015
955
920
964
955
940
1075
1067
1174
1335
1551
1479
1429
1331
1226
1215
1207
1075
1060
1008
1070
1071
1081
1059
1102
1162
1068
977
1075
958
984
908
933
918
985
902
951
969
918
904
926
958
962
994
1012
986
1001
1045
1066
1192
1215
1204
1122
1045
1034
982
928
951
933
942
930
971
946
930
921
933
922
921
932
958
915
903
937
1013
1107
1013
996
961
978
1003
888
894
937
936
930
952
962
1110
1236
1473
1875
2080
2101
1691
1491
1212
1130
1031
957
969
916
933
950
929
908
915
967
1062
1137
1277
1284
1264
1250
1236
1245
1194
1254
1213
1163
1018
1030
949
884
962
933
922
920
925
932
980
1272
1937
2559
3182
3287
2714
2007
1456
1125
1121
1122
1109
1057
1047
907
891
937
876
837
924
883
968
916
940
958
886
853
875
867
867
864
852
880
913
928
848
815
826
848
806
829
873
880
800
800
825
883
809
842
838
831
912
839
849
887
863
883
863
905
799
810
786
837
796
823
779
822
804
800
819
908
867
837
886
934
885
1168
1529
2199
3059
3312
3453
2795
1966
1328
1044
882
825
891
993
1088
1063
1004
985
869
813
783
816
782
851
853
873
928
910
900
905
888
903
820
965
932
989
1009
876
828
805
851
810
819
767
780
824
871
954
1155
1295
1337
1281
1102
1027
944
946
933
844
832
808
805
831
820
847
820
827
811
804
823
771
889
905
970
991
928
941
903
823
823
772
869
883
971
1155
1117
1179
1217
1213
1275
1511
1627
1619
1436
1259
972
833
853
903
827
859
798
864
850
758
859
850
847
857
873
904
873
858
879
830
858
807
770
892
948
1083
1185
1110
1027
853
833
686
811
746
789
847
857
987
1070
1212
1197
1099
1014
967
881
876
902
847
770
776
733
722
781
730
731
791
807
1050
1360
2009
2438
2587
2357
1794
1223
933
780
750
727
734
704
735
771
744
799
894
994
1016
1118
1081
998
900
769
734
759
796
726
747
776
735
767
784
756
758
765
727
789
793
766
792
785
863
919
1022
1087
1020
972
885
754
765
741
797
792
852
945
1168
1871
3095
4759
6196
6502
5530
3619
2201
1316
871
847
753
773
760
704
778
802
834
937
913
965
865
851
710
759
766
842
962
1044
1086
1063
1006
928
970
890
859
962
1020
1011
1006
1019
943
891
953
953
991
979
919
881
805
694
763
764
762
791
804
782
729
666
733
709
692
673
680
707
675
750
700
721
739
666
746
816
705
723
808
758
823
846
867
857
778
793
773
740
767
739
705
705
676
757
794
876
772
766
754
722
724
707
686
733
744
778
811
840
833
818
725
663
730
693
689
699
682
726
670
719
733
797
900
1014
1217
1331
1329
1173
970
824
697
746
714
737
762
770
720
766
702
711
649
712
716
740
643
699
757
811
909
1062
1176
1160
976
835
706
715
736
687
703
719
721
682
759
736
733
755
823
756
798
811
797
866
1006
1163
1424
1601
1498
1259
991
827
753
724
683
671
752
744
764
720
751
724
751
748
803
789
753
734
772
865
809
825
824
764
818
866
890
1001
1039
1011
1009
874
892
829
853
925
1078
1178
1229
1181
1020
895
802
675
639
724
723
730
744
732
755
727
752
779
760
746
747
740
742
793
760
736
740
718
728
687
734
761
711
693
734
716
730
720
784
831
927
982
934
859
768
807
900
1041
1153
1080
936
827
734
655
711
737
690
699
783
977
1091
1081
1021
936
890
819
811
730
758
729
707
747
722
689
767
733
731
766
793
800
766
728
771
706
748
743
760
743
785
785
829
852
973
1170
1602
2043
2433
2595
2518
2116
1738
1330
1207
1245
1380
1440
1344
1171
992
917
857
823
837
773
787
768
770
764
770
694
710
746
781
749
790
791
809
816
783
841
882
971
1051
1138
1216
1184
1064
894
833
832
767
816
829
869
924
880
839
887
948
883
900
903
903
882
837
869
849
864
948
1098
1232
1269
1298
1223
1004
929
916
875
907
770
827
860
889
981
1117
1185
1258
1122
1048
850
815
805
820
786
742
741
835
829
790
902
1010
1073
1203
1463
1798
2139
2339
2248
2054
1691
1526
1308
1160
1045
999
867
830
814
822
813
818
847
768
849
846
848
838
900
870
801
877
857
897
849
860
895
857
897
937
965
1022
1002
872
917
878
886
939
881
887
866
877
823
808
809
871
822
852
791
783
829
827
790
891
828
830
807
803
797
827
825
864
869
869
790
837
860
895
869
870
919
934
906
902
924
895
893
794
790
823
796
858
867
778
809
815
816
801
868
882
846
908
954
989
1021
960
946
916
898
836
805
847
809
870
851
879
979
941
980
909
894
849
856
887
877
913
908
966
1077
1016
998
912
856
820
803
839
819
816
812
836
848
886
934
893
857
861
865
874
884
874
881
851
877
868
859
835
848
919
898
909
908
866
857
875
880
848
877
907
888
901
859
876
957
1082
1349
1636
1819
1936
1854
1470
1266
1035
972
933
966
985
902
916
851
882
828
846
832
897
902
904
901
853
873
911
871
905
935
1014
1104
1050
1154
1206
1240
1149
1066
1080
1138
1090
1287
1384
1309
1412
1225
1178
1025
919
925
899
849
864
850
852
937
889
916
895
944
920
988
993
1009
1005
1019
1087
1177
1278
1365
1348
1282
1108
1041
978
978
933
916
936
883
920
918
897
906
927
873
913
930
893
937
874
868
857
996
873
918
871
891
988
1046
1190
1335
1408
1369
1274
1106
993
880
924
866
884
916
892
894
906
930
945
994
1050
1006
986
913
860
863
852
869
804
795
904
855
846
851
794
865
815
879
846
906
860
871
844
816
861
907
883
886
874
885
908
902
895
855
944
855
889
849
859
867
856
845
854
886
904
924
906
897
905
903
912
904
895
883
888
903
888
918
936
953
909
898
906
941
1015
1081
1295
1303
1365
1295
1092
1038
983
945
956
1009
973
981
896
899
825
816
815
828
791
882
814
900
858
826
840
871
1002
1007
1064
1099
1028
883
890
785
836
792
763
797
723
784
738
788
745
759
741
709
823
807
798
822
791
784
754
782
741
762
752
738
757
743
786
788
837
1065
1283
1505
1591
1582
1376
1180
983
879
897
882
831
878
828
922
888
859
877
901
876
884
923
857
873
1014
1195
1189
1168
1082
882
789
676
781
708
694
688
676
706
722
707
715
661
678
697
731
763
747
786
682
727
701
735
752
764
771
822
1017
1104
1143
1199
1100
992
835
772
723
721
735
717
698
702
688
700
680
692
690
682
707
744
692
700
704
725
649
728
687
691
719
666
667
630
613
671
635
620
628
742
805
917
956
950
935
886
737
706
695
695
684
688
660
596
600
687
660
672
672
674
657
615
580
620
648
629
645
664
668
638
770
752
798
850
840
746
685
659
656
628
632
696
644
685
694
680
629
647
643
661
644
675
623
663
624
650
603
681
646
698
655
651
650
642
597
597
568
610
623
623
594
585
558
542
544
636
587
581
622
616
609
614
537
569
562
622
596
651
645
612
602
605
560
662
693
722
788
777
723
718
907
1426
2580
4563
6880
9202
9467
7934
5549
3157
1664
945
723
668
725
764
726
658
660
634
568
556
581
583
592
605
582
629
587
538
528
554
537
593
575
553
616
642
629
607
572
588
558
576
579
533
544
554
554
510
555
517
525
556
520
481
606
602
628
595
543
559
551
610
626
768
1127
1611
2265
2770
3001
2520
1970
1406
987
785
708
719
758
766
659
625
626
543
552
506
512
541
584
525
544
505
509
524
500
530
495
571
595
805
1264
2154
3784
5671
7449
7688
6504
4534
2759
1465
854
589
538
537
580
551
512
514
557
582
559
623
608
609
582
590
523
558
537
561
598
544
565
555
549
582
638
639
670
771
730
671
645
544
519
544
554
525
475
516
497
505
501
502
487
537
469
502
509
544
576
608
569
574
552
471
505
518
505
526
536
539
580
718
847
988
983
921
816
691
646
560
518
534
531
523
537
554
540
474
499
446
500
501
491
518
557
635
716
748
803
769
647
589
516
468
505
509
557
584
583
526
532
563
558
604
555
557
500
528
511
524
536
582
569
564
534
533
515
488
535
527
484
509
473
521
533
560
600
664
717
746
703
690
645
589
565
534
504
510
499
478
496
503
513
456
510
488
507
486
548
600
611
665
689
647
720
728
762
712
708
721
666
625
597
657
565
562
528
593
589
530
559
530
542
509
496
498
528
527
493
496
466
528
503
521
523
551
550
586
546
537
468
515
529
504
497
468
580
770
1111
1698
2348
2939
2934
2661
1995
1323
877
662
555
530
489
544
487
510
470
481
486
463
499
463
469
471
459
459
532
529
537
544
504
515
513
434
478
406
448
464
486
452
502
451
498
453
503
502
498
568
527
498
521
491
486
473
465
473
464
448
435
488
480
484
451
429
472
435
469
457
416
452
459
435
454
496
457
478
464
446
488
509
526
522
499
491
486
454
455
510
489
522
452
504
512
508
489
502
490
490
500
501
509
467
530
457
482
480
501
483
492
478
503
490
483
485
494
504
496
518
539
527
592
507
527
545
533
530
563
632
638
708
629
656
616
609
678
787
784
762
719
668
601
530
517
506
499
487
523
531
598
516
619
618
600
581
543
536
537
512
511
566
482
535
554
591
605
618
654
614
605
620
573
545
543
574
509
541
497
509
525
573
515
535
505
530
534
476
507
567
561
580
537
618
646
613
622
604
537
555
537
564
582
595
572
636
723
990
1362
2013
2970
3854
4512
4644
4231
3423
2696
1903
1508
1334
1136
980
870
862
929
965
992
985
876
834
765
753
759
682
627
673
610
591
627
619
632
660
665
666
687
661
617
689
640
661
656
616
605
646
684
612
615
662
697
706
755
754
793
905
1018
1120
1190
1069
906
808
745
665
649
655
722
784
803
850
859
880
830
756
730
694
714
700
666
678
644
674
671
634
638
665
657
672
625
679
644
664
666
629
616
668
694
632
658
627
622
632
683
758
750
768
777
739
763
704
670
651
673
656
663
611
632
630
616
657
637
674
643
666
742
782
904
1010
1068
1072
1029
960
852
723
719
689
748
772
809
899
888
949
916
879
795
724
776
694
711
729
720
740
748
682
712
675
702
682
627
670
687
612
723
598
669
674
675
642
654
634
604
626
601
618
668
639
629
675
671
683
644
635
693
654
681
632
646
638
684
681
693
634
651
628
656
656
635
708
668
696
673
687
599
654
666
627
611
610
665
691
699
629
677
683
673
661
682
678
706
710
721
745
711
697
659
697
629
667
580
664
729
667
683
701
736
759
697
741
697
707
628
647
673
641
693
674
676
683
688
697
708
726
685
688
691
757
719
701
691
695
744
743
764
759
734
714
720
690
702
703
642
695
669
630
671
651
671
678
651
712
685
716
710
743
637
651
721
683
693
715
713
680
703
680
699
713
651
694
665
724
669
752
721
702
741
702
719
752
737
717
731
654
702
723
696
674
771
792
870
933
1024
1013
942
914
902
797
749
743
696
714
719
700
740
750
694
715
743
711
745
652
727
678
757
730
746
730
700
702
650
634
708
729
705
723
721
740
703
757
778
736
703
816
764
716
749
777
724
739
786
768
695
770
739
732
798
800
794
801
786
765
682
785
772
795
781
796
740
726
737
676
707
660
600
674
616
648
662
644
649
631
661
632
637
626
676
627
658
624
646
667
662
781
677
696
700
701
641
615
649
636
675
587
667
674
634
668
658
600
622
657
614
622
647
707
780
897
1102
1251
1342
1340
1242
1036
897
771
735
726
756
681
730
669
664
631
706
645
646
619
612
648
640
706
747
796
894
992
1139
1220
1374
1403
1273
1144
931
818
695
715
611
622
626
632
660
644
644
616
668
621
634
609
550
609
621
618
588
640
631
628
742
764
808
787
786
678
596
570
576
622
564
617
546
541
549
580
548
549
583
516
554
592
579
667
658
618
587
604
543
556
618
569
534
570
503
521
527
522
536
538
550
573
521
585
517
568
541
542
528
539
516
502
496
515
545
565
588
586
576
586
548
509
500
498
457
484
502
467
512
482
465
457
456
488
482
479
436
490
452
463
466
446
466
464
501
455
470
457
483
501
532
514
561
548
609
645
635
608
509
545
487
437
495
416
453
413
444
422
432
467
403
445
436
435
463
466
446
443
493
457
489
486
467
401
443
483
476
448
449
452
455
443
461
447
425
473
496
512
577
624
665
684
725
707
715
665
593
549
512
481
480
505
439
454
456
530
444
486
532
465
510
479
478
461
459
458
533
521
477
514
516
516
487
492
494
477
505
516
493
480
506
501
508
484
469
507
489
530
501
489
492
471
468
496
526
611
595
612
551
589
510
538
536
544
620
731
794
720
738
711
563
574
524
497
512
543
548
711
937
1619
2876
5173
8265
11345
13417
13255
10810
7912
5359
3774
2986
2729
2439
1884
1410
1048
751
728
670
672
737
743
788
628
631
551
528
524
526
537
552
573
544
534
512
536
527
514
490
487
484
509
549
551
540
496
574
622
709
808
824
899
926
836
783
633
620
582
615
598
530
539
599
573
580
577
563
572
524
544
499
538
492
478
521
513
510
495
504
504
505
526
474
469
503
481
515
534
512
527
519
565
508
464
509
492
517
527
546
529
499
504
467
503
518
541
535
608
604
637
594
526
527
491
563
530
525
543
533
551
548
573
579
588
570
586
649
581
700
670
777
726
705
622
585
564
628
702
880
1057
1281
1326
1252
1085
898
686
556
490
508
493
516
542
490
496
505
525
510
548
519
494
527
501
543
525
582
584
489
495
549
527
484
463
529
537
505
505
484
458
430
492
497
544
462
466
519
494
494
491
489
500
480
551
489
518
503
503
601
561
543
575
530
522
525
534
540
486
508
486
490
496
540
496
536
536
553
549
528
580
613
669
603
577
553
520
514
526
512
471
471
473
464
471
501
497
513
509
540
455
507
509
512
496
487
499
492
510
509
513
531
562
591
607
634
594
574
562
501
520
535
538
554
550
569
476
510
537
475
494
471
509
460
463
447
491
459
500
475
512
485
527
499
524
528
528
499
525
480
503
517
536
553
502
526
523
524
515
503
485
504
520
569
571
596
618
583
601
624
612
656
574
579
574
507
514
484
488
498
468
497
475
533
517
488
500
523
478
495
512
533
525
539
588
595
614
601
605
612
554
541
593
554
565
564
606
528
565
534
522
483
489
491
531
541
502
626
617
634
693
647
645
617
559
578
554
541
543
505
498
535
502
491
520
483
523
533
463
468
505
482
494
556
608
608
633
675
649
649
552
541
436
511
458
453
448
472
440
473
452
477
411
480
424
428
429
476
449
465
460
482
460
487
488
476
455
561
512
521
457
456
495
454
464
402
414
392
445
440
449
486
469
471
539
522
493
530
522
474
464
496
485
508
531
563
551
604
645
586
558
556
480
473
444
431
433
480
437
449
476
499
521
616
726
1056
1444
2001
2360
2532
2407
1931
1380
967
671
510
509
472
442
508
549
609
546
598
530
521
505
434
459
443
455
487
445
435
423
382
441
391
414
425
455
397
404
415
431
403
398
383
425
396
378
403
414
393
379
392
428
423
478
442
493
499
491
488
488
449
443
420
431
378
416
397
389
412
400
434
397
416
472
467
509
478
559
519
524
501
462
434
438
452
417
524
570
660
588
660
553
454
465
400
343
346
368
373
353
337
386
329
378
370
369
300
345
342
348
346
361
382
395
387
419
331
391
359
352
392
423
424
532
564
729
763
842
732
658
555
435
404
378
366
348
357
374
375
339
324
358
320
319
325
358
369
334
335
322
322
321
310
330
277
327
316
370
343
348
348
342
361
368
372
392
421
474
494
581
651
715
776
756
648
508
464
392
400
422
391
499
533
649
688
686
722
661
639
560
534
478
385
396
370
394
409
358
342
373
386
366
335
343
333
353
364
386
376
380
381
453
417
447
488
450
485
444
452
451
457
423
460
536
553
622
810
908
943
914
804
688
602
494
426
400
350
371
343
379
388
393
398
376
398
402
418
336
374
371
395
386
384
411
413
516
709
1029
1712
2906
3988
4889
5431
5133
4051
2872
1743
939
617
434
369
378
369
357
398
408
442
412
462
451
477
451
467
498
482
468
408
391
342
373
350
372
415
396
426
365
443
447
597
705
941
1235
1352
1280
1175
968
750
614
583
483
479
414
428
355
350
356
347
319
333
349
350
370
368
361
386
391
387
395
408
392
389
400
365
359
381
371
376
413
389
366
391
416
462
407
457
398
431
423
426
499
471
475
489
509
519
549
674
779
937
1008
967
897
891
662
574
471
407
399
407
393
408
463
491
548
593
584
580
519
481
474
454
399
430
436
439
483
462
497
432
414
379
386
363
364
394
383
387
388
378
383
436
377
390
438
415
381
398
351
362
344
396
369
436
434
467
439
439
481
460
414
449
454
401
427
419
425
410
424
399
363
371
348
347
406
391
382
368
374
367
333
356
356
381
345
357
358
405
409
471
501
490
462
467
434
417
374
366
402
390
372
397
410
409
384
373
424
391
348
346
383
345
351
334
369
327
357
332
381
359
380
414
386
383
376
379
386
357
359
366
362
400
369
405
357
335
389
380
380
390
456
488
535
609
637
627
613
518
452
454
393
397
389
361
331
375
347
348
354
387
369
369
391
361
396
364
416
362
398
408
445
413
400
437
432
435
422
422
393
392
407
391
484
491
413
458
411
384
354
404
385
380
460
418
415
437
468
530
607
582
608
575
517
432
446
389
416
384
352
362
388
365
406
379
390
382
421
408
390
411
357
427
412
496
542
595
667
657
605
544
501
433
394
380
379
355
409
439
414
441
430
370
417
467
515
622
689
802
813
914
822
776
686
597
498
467
437
439
407
405
354
363
393
374
382
389
321
398
409
375
364
406
394
398
383
401
348
361
381
381
417
414
413
380
387
389
384
376
388
379
368
378
385
337
358
373
369
381
376
403
378
412
409
394
425
374
399
373
372
380
382
345
355
411
331
360
379
331
370
372
363
392
366
405
384
385
421
413
390
435
431
473
435
416
444
425
403
394
417
389
391
380
366
407
403
396
422
396
354
422
402
406
385
406
368
379
376
350
374
344
327
391
377
413
403
409
409
466
513
582
601
667
632
640
566
575
468
420
417
376
360
364
361
353
373
356
356
349
355
377
383
311
353
342
337
341
351
321
357
345
332
343
367
375
380
382
401
451
427
511
509
564
543
546
496
428
419
416
369
363
348
345
341
349
327
332
368
377
369
455
501
588
614
645
614
553
499
423
401
372
324
364
372
378
362
390
338
361
355
354
323
362
343
337
328
374
389
426
375
347
365
343
325
317
330
339
354
336
364
333
340
344
363
333
357
357
327
355
337
351
343
357
340
328
329
360
367
359
375
404
384
416
391
371
445
445
432
422
430
428
349
373
343
335
326
330
346
373
391
363
396
368
345
410
412
420
423
518
534
549
539
507
548
539
574
600
587
538
488
468
442
407
455
563
708
1034
1335
1666
1974
1921
1982
1743
1332
1028
829
782
819
1126
1505
1940
2505
2614
2501
2202
1606
1088
793
588
519
496
521
525
594
686
753
849
1000
995
941
953
866
678
631
537
522
470
499
604
715
956
1270
1475
1746
1643
1509
1329
938
738
585
492
499
507
491
482
488
472
483
510
491
542
527
519
486
494
451
501
493
479
474
449
468
469
462
448
448
462
470
438
436
428
448
444
513
470
455
503
490
486
507
498
441
455
464
462
467
423
437
440
490
458
451
478
461
491
570
514
577
566
632
697
710
625
611
592
528
530
485
440
513
492
472
497
471
439
444
438
489
445
453
443
495
498
496
499
477
510
443
478
506
484
493
479
496
520
469
467
500
449
474
461
452
453
421
446
423
506
505
467
537
582
654
789
906
994
1065
1013
1007
902
872
892
1000
1134
1467
1712
1876
1826
1498
1204
971
672
574
493
515
531
454
471
509
515
553
558
557
635
661
641
593
586
564
621
612
670
765
673
662
565
607
558
516
478
523
482
471
507
521
521
517
529
480
472
480
449
459
494
489
493
479
468
450
467
496
490
484
500
449
488
473
525
483
539
563
582
597
619
612
579
567
477
516
489
497
519
504
507
496
507
481
504
534
499
494
513
523
516
490
490
505
546
566
569
598
563
591
554
610
545
545
569
530
504
534
529
538
577
532
527
539
561
528
559
549
557
544
606
629
673
571
556
585
582
505
533
592
523
526
530
499
500
497
507
514
539
522
560
514
562
558
594
526
530
554
488
531
529
504
488
489
519
494
496
494
510
486
508
516
497
518
507
512
503
518
528
550
528
569
529
508
520
557
547
533
588
552
518
516
541
494
495
460
490
536
506
481
512
486
539
505
529
515
516
519
532
544
488
496
506
522
499
486
526
539
504
563
475
509
510
514
551
540
519
520
580
494
519
528
492
493
476
481
481
534
504
545
538
536
526
540
494
461
516
505
566
506
493
497
530
540
557
540
636
732
885
1040
1234
1329
1367
1249
1061
898
813
688
611
567
520
522
493
463
507
538
510
538
573
483
498
500
517
493
472
521
530
507
529
523
544
578
553
570
590
532
553
549
520
513
532
500
504
488
478
527
484
515
535
494
556
563
541
577
549
586
476
518
501
520
493
498
562
570
594
586
593
591
560
550
516
476
519
505
517
485
481
453
460
502
495
533
532
578
622
622
617
566
526
515
504
514
548
482
478
521
435
448
472
483
455
438
447
432
438
459
459
438
419
428
470
454
435
467
430
446
433
435
464
409
435
417
419
398
403
438
405
413
408
402
412
420
421
430
432
413
439
444
408
390
386
393
402
363
424
408
379
404
415
383
408
388
394
419
418
400
407
410
447
374
455
410
440
401
465
456
489
474
507
450
454
462
428
434
408
399
435
383
379
363
384
375
392
401
403
388
385
410
395
430
388
381
400
428
389
375
404
407
393
380
441
437
424
443
447
487
532
529
627
714
642
605
612
568
512
452
452
432
452
439
420
439
431
418
457
416
405
485
449
462
428
429
449
440
463
441
468
462
440
445
506
490
521
629
631
699
773
844
915
848
794
723
653
586
510
558
521
475
482
442
455
508
442
537
505
541
571
588
574
728
731
809
796
790
749
691
619
531
480
482
527
452
482
558
571
757
1040
1424
1999
2682
3159
3499
3458
3052
2336
2020
1808
2160
3063
4463
6300
8379
10500
11647
11786
10393
8393
6009
4026
2575
1575
1104
892
805
825
889
1037
1247
1449
1583
1568
1538
1348
1092
900
781
694
686
658
716
690
704
689
655
702
682
643
699
671
701
665
662
659
659
650
654
723
709
671
639
719
686
644
693
701
662
648
670
638
697
655
607
663
678
669
680
720
687
698
651
686
675
691
685
693
675
667
678
684
686
713
680
610
656
676
673
695
676
664
676
660
676
660
667
649
629
666
690
752
792
794
927
977
943
870
839
760
791
712
696
691
709
716
692
698
701
711
671
696
680
662
711
674
664
677
654
720
628
781
691
646
717
632
722
675
645
717
652
655
685
672
655
650
644
696
662
660
657
653
700
662
780
919
1117
1184
1405
1587
1696
1510
1263
1072
912
742
701
712
645
652
652
655
668
695
675
682
682
682
699
624
703
699
735
709
688
686
678
700
705
654
667
710
691
739
690
789
771
770
737
731
698
706
678
680
638
664
664
703
759
642
628
667
670
677
662
631
649
682
681
641
651
675
683
664
616
682
680
671
690
646
677
644
673
658
687
727
666
680
653
739
688
649
696
642
731
688
725
714
706
778
658
676
733
777
722
726
725
709
710
776
727
719
731
698
705
686
693
741
676
689
707
714
707
759
810
808
756
814
764
756
770
800
715
793
744
824
837
890
938
931
891
865
829
788
755
712
717
741
714
694
724
724
744
711
724
713
716
724
781
758
692
699
683
710
691
669
714
745
721
701
652
717
711
714
624
732
689
703
743
775
703
682
752
694
754
757
754
748
704
767
765
665
735
725
709
719
700
717
720
795
746
703
691
690
718
742
675
744
738
780
726
770
724
725
752
673
743
730
643
736
709
689
709
672
666
660
699
717
648
708
658
661
742
661
651
667
650
634
625
614
642
643
596
620
634
600
584
586
620
584
602
619
617
624
584
585
616
570
623
636
570
610
563
624
608
550
576
601
562
607
565
579
572
595
553
515
545
566
591
584
571
560
564
574
534
568
561
535
547
564
589
520
575
581
645
581
603
543
541
552
538
507
521
526
534
547
632
558
589
563
559
607
546
585
543
562
539
598
581
533
571
555
549
551
570
573
549
613
780
878
978
1091
1038
1119
985
834
732
623
545
523
502
492
507
517
489
491
459
473
471
429
452
461
404
425
417
434
401
411
451
452
410
448
442
410
430
429
423
415
413
413
398
384
364
381
343
420
345
379
362
373
369
348
332
312
334
359
323
323
342
317
357
301
306
326
309
293
326
296
326
310
278
300
272
305
285
288
264
283
278
294
293
283
266
287
247
265
260
228
236
249
257
255
225
277
295
302
288
282
268
287
306
308
354
317
338
341
318
289
282
282
234
222
217
217
222
231
214
234
217
188
183
212
191
200
183
207
187
194
197
204
183
175
172
169
181
187
187
201
219
201
213
258
314
400
469
548
529
529
497
356
309
232
200
191
166
152
208
185
171
185
191
213
193
211
175
188
180
154
167
164
173
173
164
198
165
169
201
215
229
283
381
518
653
743
826
777
719
609
469
311
239
211
192
182
157
183
204
169
191
195
194
202
200
229
219
242
206
224
239
198
190
184
159
169
185
184
151
193
175
157
177
198
182
190
179
151
186
194
175
207
278
425
688
1368
2519
4372
7170
10760
14165
17092
18158
16545
13444
9447
5721
3081
1475
661
285
178
149
128
147
125
136
166
113
137
113
117
127
116
135
104
116
119
119
139
138
136
140
127
128
125
114
123
120
104
143
114
159
121
120
119
112
118
108
116
111
110
128
104
103
81
100
114
113
106
111
110
122
123
113
116
127
124
128
133
96
95
128
96
103
117
104
121
111
106
103
101
105
108
112
122
129
114
103
121
117
136
114
116
115
119
165
143
134
137
122
117
108
108
98
102
108
101
112
127
107
116
114
105
112
94
110
119
113
106
96
110
133
118
99
130
108
99
97
89
133
113
117
127
104
108
94
122
144
131
114
130
106
123
94
101
84
103
106
113
110
84
98
105
106
90
117
97
117
86
111
106
104
98
108
98
103
105
103
95
112
100
114
126
136
161
176
191
215
232
250
227
209
184
175
113
131
119
154
163
187
203
196
211
177
157
142
126
112
116
110
86
97
98
97
112
99
96
89
82
110
89
81
116
98
89
90
104
117
95
101
89
79
96
100
100
87
87
95
100
90
103
90
87
95
97
111
106
92
94
85
115
93
105
86
107
98
88
92
120
123
112
119
124
126
116
142
77
100
96
118
114
127
186
219
279
329
347
319
285
246
215
147
107
138
115
108
98
147
150
174
202
216
211
265
304
303
376
311
352
248
210
177
180
145
124
141
115
125
93
90
93
109
90
84
88
97
109
106
128
121
99
104
110
107
111
112
125
113
136
157
177
154
172
186
143
145
143
112
106
108
122
120
112
102
121
128
112
137
110
98
102
114
99
93
114
92
91
96
104
92
113
114
117
100
121
97
126
117
113
103
97
113
90
121
91
98
108
105
113
129
147
139
203
232
245
288
367
313
344
258
211
184
141
138
148
103
111
126
118
116
137
130
135
138
164
156
166
170
130
154
124
124
124
112
107
133
128
126
142
118
140
102
134
116
108
119
119
102
100
97
108
119
98
90
102
110
109
102
105
123
117
125
153
136
167
216
216
249
225
238
216
204
190
156
135
126
122
132
119
130
150
160
177
168
192
180
146
176
185
176
216
203
200
202
194
195
166
191
152
179
216
287
421
561
817
893
1091
1038
893
744
514
353
284
278
276
344
390
388
386
377
312
274
216
172
151
133
142
109
113
121
131
139
120
135
134
132
170
168
173
173
201
193
182
183
177
200
157
183
152
136
158
145
150
144
138
120
125
127
119
130
125
122
117
145
127
111
116
119
117
120
117
129
125
124
115
106
147
99
116
118
119
133
128
135
111
107
125
131
129
121
120
115
114
127
114
98
121
136
134
149
158
147
139
161
132
132
115
130
136
140
112
136
134
143
119
131
129
116
162
89
120
135
138
111
128
117
125
104
130
137
114
122
136
112
122
117
144
120
126
124
114
131
118
129
128
151
120
130
138
152
131
121
126
120
117
131
128
118
141
139
138
119
140
126
155
150
146
136
122
131
104
137
131
127
124
120
132
101
112
112
117
114
105
117
119
119
122
120
125
134
139
131
141
136
141
138
137
155
130
130
139
143
163
155
175
180
199
192
192
157
172
148
123
146
140
131
138
111
146
145
142
125
115
137
132
116
139
148
137
128
139
133
129
122
145
121
144
129
134
142
146
175
153
160
171
151
131
127
163
147
140
149
129
121
141
136
154
141
137
138
114
135
153
136
126
124
138
138
113
122
145
123
130
123
128
132
107
135
128
150
140
112
122
141
134
135
136
124
130
139
118
120
127
125
111
125
115
111
125
132
113
102
126
153
126
121
116
134
123
168
151
139
150
120
142
100
128
108
113
118
108
135
131
135
119
103
138
130
120
128
124
142
111
135
106
137
146
146
145
145
130
148
152
124
124
126
119
120
115
127
116
119
114
123
122
117
122
122
103
123
114
117
126
133
139
110
122
137
114
117
97
100
109
92
99
117
101
107
116
122
128
100
114
119
97
115
114
100
100
96
110
94
114
107
119
98
113
100
117
112
102
112
107
115
126
109
95
129
104
107
124
105
119
114
131
133
158
179
193
186
209
258
258
240
251
233
170
157
129
115
105
98
125
109
96
116
115
114
100
121
109
106
118
120
120
108
105
127
105
95
91
107
89
138
98
93
115
133
110
111
103
115
116
124
97
104
118
115
125
110
112
110
108
109
107
96
123
101
130
118
102
123
125
131
137
127
123
132
115
113
131
133
115
121
126
129
117
124
129
139
140
208
220
347
425
658
876
1069
1276
1450
1426
1295
1095
796
593
376
283
237
172
164
169
168
231
334
401
535
758
981
1156
1266
1357
1182
1026
761
552
364
255
222
182
143
178
150
164
143
150
177
163
133
150
146
155
145
160
142
140
148
135
148
143
170
205
204
203
221
211
241
214
192
179
197
167
169
149
145
177
164
162
149
145
151
130
139
167
140
154
157
157
150
174
149
166
171
150
175
188
184
166
202
171
181
168
167
158
159
137
173
128
139
154
135
131
163
179
202
203
241
291
357
411
451
420
419
370
286
229
188
177
162
143
148
155
194
194
221
221
290
343
390
479
471
432
446
342
311
229
183
162
175
146
134
145
139
166
140
161
153
146
140
161
150
162
158
140
117
146
153
145
153
147
155
144
153
129
166
183
157
161
193
252
279
310
320
355
300
269
238
178
164
147
153
147
138
148
122
178
160
143
150
177
200
214
214
229
178
216
202
179
183
201
186
153
148
169
146
161
180
149
187
204
202
181
175
184
153
193
229
260
332
377
458
521
537
513
491
349
288
233
209
160
122
177
155
165
191
203
156
188
179
151
176
180
176
154
172
167
173
182
208
200
180
191
181
193
190
169
146
150
142
154
151
158
170
164
139
146
156
184
152
152
152
134
163
146
141
141
145
141
135
113
146
154
150
152
155
148
144
134
137
131
145
149
149
173
158
153
126
164
155
142
147
157
167
158
184
161
149
175
146
160
146
152
121
150
155
156
152
115
159
144
155
155
186
149
159
142
149
152
151
129
144
145
155
140
163
146
146
164
174
154
167
151
150
134
150
163
158
166
131
158
156
123
144
156
160
147
126
160
135
158
151
165
158
137
135
182
156
154
138
168
141
114
131
139
119
136
133
123
145
149
123
112
118
151
145
146
156
144
138
126
140
135
125
138
133
138
138
141
122
141
133
128
129
167
121
125
156
193
158
196
191
201
174
185
167
135
145
124
137
135
134
116
128
137
140
125
115
114
132
125
131
119
133
120
156
125
120
125
103
116
106
126
117
112
117
124
121
103
115
139
112
110
122
113
112
116
119
126
120
117
143
121
132
128
114
138
105
129
97
112
122
129
116
113
94
107
110
109
134
86
105
90
111
114
94
93
93
106
102
99
106
95
99
111
104
91
108
95
97
70
93
94
97
112
83
101
91
89
87
81
90
99
94
93
96
77
89
75
70
83
78
82
87
71
76
75
75
88
86
76
79
78
84
50
86
74
85
69
71
75
82
78
71
59
77
70
63
77
60
61
68
59
64
54
61
61
73
55
64
63
63
69
56
62
68
74
60
55
54
60
69
55
59
55
52
48
53
54
53
65
52
61
50
54
46
48
50
45
58
49
38
43
53
49
59
57
33
47
44
38
42
30
32
38
39
46
46
39
40
49
36
34
47
33
41
45
48
42
41
36
45
39
39
42
27
30
47
44
40
39
29
39
40
39
31
42
39
35
36
33
37
25
39
29
31
36
30
29
34
38
28
37
27
38
39
36
37
37
39
24
45
37
36
29
36
30
20
33
33
40
37
35
21
25
37
34
36
25
25
33
41
33
34
36
28
31
26
27
28
40
33
37
23
34
30
24
34
39
23
31
32
26
25
30
45
64
125
204
338
526
809
1072
1364
1553
1622
1569
1249
872
565
361
197
101
56
40
41
55
115
150
275
437
648
907
1141
1336
1413
1247
1095
781
547
321
161
83
35
28
23
19
18
13
18
16
17
13
18
17
13
14
11
22
11
12
22
13
21
8
14
13
10
10
9
16
15
11
10
21
9
18
13
17
7
14
11
13
16
15
15
16
9
11
9
7
11
11
11
15
18
16
41
33
43
59
52
66
48
43
35
34
10
23
17
14
12
10
13
11
15
13
9
9
14
7
10
22
10
15
6
13
13
13
15
13
15
11
17
13
23
28
39
64
89
137
182
296
336
381
376
343
315
206
135
80
49
24
10
11
8
12
9
7
11
11
16
8
5
9
5
10
13
11
13
14
15
11
13
10
9
10
6
10
17
11
12
12
11
10
13
4
11
9
15
12
10
9
10
14
9
10
10
8
15
19
23
31
35
52
57
81
85
76
86
86
66
51
27
29
23
20
20
7
13
11
7
13
11
3
11
5
6
5
17
13
22
26
29
40
51
45
65
72
53
47
30
23
23
19
20
31
39
58
61
55
58
58
38
25
21
21
11
3
10
10
11
6
8
11
10
9
11
12
8
9
10
12
6
11
11
10
13
12
15
12
13
6
19
5
8
12
8
9
11
10
15
10
7
8
11
9
8
8
2
13
8
14
15
14
10
6
16
4
5
12
13
6
9
10
10
7
18
9
16
10
8
14
6
12
9
17
8
13
12
17
21
16
20
14
23
21
23
21
18
22
20
24
19
18
10
9
14
11
9
12
11
12
11
10
6
9
4
7
8
7
9
11
5
11
8
8
15
7
13
8
7
7
13
7
5
11
14
8
7
8
11
14
6
6
11
11
9
8
6
8
12
13
9
6
12
8
13
11
7
16
10
13
16
12
16
12
14
21
7
20
13
17
10
15
14
19
10
12
11
17
10
11
12
9
5
7
9
9
13
7
11
6
12
7
8
11
15
11
19
21
14
20
15
12
16
6
13
12
14
13
6
11
8
10
6
7
9
7
14
3
5
10
7
10
9
13
13
22
18
25
30
45
43
68
68
84
72
67
53
50
29
19
24
13
8
9
13
13
12
8
17
13
12
17
13
15
10
15
11
11
20
16
14
14
5
18
9
9
15
10
9
10
8
5
7
9
10
13
14
9
14
12
11
15
5
18
14
19
12
18
14
17
16
17
7
8
8
13
12
10
10
9
17
15
9
12
9
11
15
8
7
12
6
7
12
10
10
15
11
9
17
16
12
16
17
16
10
11
10
18
15
6
10
10
10
7
9
4
10
12
9
18
13
14
13
13
18
10
13
11
12
12
9
12
11
14
14
12
7
8
13
9
11
6
10
9
13
8
13
12
12
10
11
9
7
9
15
12
8
20
16
28
21
18
21
21
19
24
15
13
20
14
8
12
8
9
7
12
6
14
13
12
15
9
18
13
9
15
20
11
18
11
17
8
16
14
16
8
8
10
5
15
11
11
14
11
10
14
12
6
9
9
8
9
10
9
10
10
20
10
14
9
8
8
8
12
7
7
11
13
10
15
14
10
15
10
12
7
11
12
9
15
12
17
17
29
15
19
27
36
29
23
28
19
28
16
14
15
14
12
8
10
9
10
8
13
16
13
5
7
8
9
13
13
10
11
12
12
11
20
13
20
19
20
13
17
21
9
14
16
16
15
24
15
8
14
13
8
13
3
10
13
14
15
17
10
5
7
16
11
8
10
13
7
16
5
9
8
14
10
11
9
14
10
6
11
10
8
11
12
5
6
8
12
12
8
12
8
12
9
8
16
6
8
13
14
12
14
4
5
14
9
10
11
7
13
11
5
8
15
6
12
9
13
8
9
9
16
13
8
8
12
7
9
6
10
6
10
9
10
11
11
11
8
13
8
10
4
6
7
7
15
9
10
7
7
6
7
11
16
7
3
12
10
12
4
5
6
9
9
10
14
11
13
9
9
7
11
7
12
8
7
13
8
14
13
9
9
10
10
14
8
6
10
7
9
9
14
11
10
15
5
9
12
3
13
13
11
15
24
17
22
25
36
32
31
32
24
17
17
12
9
7
13
15
7
18
19
8
14
6
15
6
9
5
8
9
10
10
12
14
9
10
8
7
12
7
13
11
6
17
10
7
6
7
16
16
16
21
22
21
26
33
26
30
20
15
20
19
12
8
8
11
11
8
7
8
8
3
10
10
7
9
13
5
8
8
4
15
15
18
8
9
15
13
17
12
5
6
12
12
12
12
8
11
5
7
9
7
9
14
9
4
11
13
8
12
6
12
10
9
13
10
9
9
5
8
15
8
12
16
12
10
9
18
9
18
10
10
5
20
13
16
20
27
35
25
31
31
31
53
54
36
42
49
27
30
31
19
13
6
17
9
11
5
6
10
16
9
12
11
12
8
6
11
12
11
9
7
7
13
9
12
11
11
4
9
12
9
9
7
13
4
8
13
6
12
9
11
7
7
9
7
8
9
13
11
5
6
12
7
11
8
9
13
13
10
6
9
12
10
12
17
7
7
11
12
12
4
10
10
12
8
6
7
6
2
12
8
15
11
8
12
8
9
6
11
6
5
7
6
11
15
12
9
14
9
8
9
7
6
10
7
10
14
7
10
7
8
5
19
10
8
13
7
9
5
9
9
9
11
19
21
32
46
47
56
61
72
69
65
45
35
34
23
14
14
10
10
9
8
8
6
6
19
8
13
14
11
14
13
19
14
17
15
14
9
10
8
7
8
6
12
10
5
7
10
9
12
8
9
7
13
10
3
5
8
7
11
7
9
11
17
9
4
15
19
6
16
8
11
10
4
9
4
6
7
6
8
8
10
10
7
7
9
12
5
5
9
10
12
12
20
11
15
19
8
10
5
4
12
10
3
6
12
10
7
14
10
5
6
10
6
8
13
4
7
5
2
3
2
6
6
9
10
16
5
6
8
5
8
6
13
6
3
12
5
5
9
9
6
10
6
11
3
13
9
10
12
15
11
12
10
26
15
23
26
15
20
21
20
15
10
9
13
12
5
8
9
5
4
12
13
10
11
8
7
9
13
13
12
8
11
8
10
9
10
11
9
9
9
11
9
8
10
12
12
6
9
10
8
13
6
4
9
8
10
7
10
13
7
7
9
6
8
8
4
7
13
10
8
7
15
10
4
6
8
7
12
6
7
4
8
9
10
9
5
8
15
24
26
22
23
29
28
21
30
22
21
6
8
10
8
3
10
12
12
8
4
6
5
7
3
12
10
8
11
8
6
4
11
5
4
9
12
10
5
8
8
13
12
16
4
5
12
12
2
6
8
9
9
6
8
9
16
12
8
7
8
9
10
8
3
6
12
3
10
7
10
8
4
9
8
11
8
12
6
8
13
4
7
9
5
10
11
12
6
5
7
6
6
10
8
7
6
7
8
6
6
5
7
9
5
12
4
4
8
7
10
7
3
7
11
9
7
7
11
9
13
9
6
9
7
7
8
9
9
8
7
11
12
11
5
9
13
7
9
6
8
12
6
7
15
6
11
6
6
8
8
6
8
6
9
7
7
9
8
5
5
6
8
7
9
8
5
7
7
4
5
7
5
11
6
12
6
9
12
15
8
4
9
11
5
6
4
16
10
4
9
12
13
6
7
5
4
7
7
7
7
20
32
33
53
75
98
103
141
153
129
129
114
87
70
50
40
13
8
14
9
13
12
10
12
5
6
8
6
7
9
11
7
7
8
11
7
11
7
10
9
3
8
7
1
14
10
6
8
12
10
5
7
8
11
11
4
8
17
10
11
8
6
13
8
6
16
7
10
11
8
10
14
9
15
6
8
11
9
4
7
6
6
8
11
11
12
11
13
7
13
7
7
7
12
12
9
10
9
10
7
5
7
6
17
8
12
8
12
8
12
14
10
6
9
9
10
13
3
14
5
8
12
14
8
9
7
8
13
5
6
3
10
11
4
6
6
11
12
10
15
19
17
27
38
25
40
43
42
48
34
30
20
16
7
10
6
9
6
7
15
10
8
11
14
5
13
13
4
9
6
10
9
8
15
6
10
9
9
6
15
14
8
7
10
15
13
5
10
14
6
8
5
11
10
7
8
10
9
13
8
7
12
9
7
3
7
13
2
7
13
9
6
7
6
10
11
5
6
14
8
6
1
6
5
11
8
10
14
12
8
7
7
6
11
6
5
13
6
8
4
9
11
7
4
4
5
7
9
7
12
12
8
9
8
10
9
4
5
6
9
9
4
5
11
7
7
13
12
11
3
9
7
10
2
9
10
5
12
9
12
9
14
10
7
10
11
13
6
7
7
15
3
10
9
7
3
9
8
7
11
11
14
16
15
14
14
15
16
11
19
14
10
9
8
6
11
13
5
5
5
8
10
9
9
7
6
7
12
9
6
3
12
3
3
6
11
5
6
8
7
7
11
8
3
8
15
6
7
5
8
2
6
7
7
4
3
15
15
7
5
5
9
5
12
6
8
9
8
4
7
10
9
10
9
11
7
8
5
2
5
8
5
5
11
6
9
3
10
7
7
12
2
3
9
8
8
11
3
8
13
4
5
9
4
7
7
7
13
6
6
13
10
6
7
4
6
5
6
13
9
5
9
8
6
8
10
8
8
8
12
5
8
8
9
9
3
6
4
7
4
6
5
9
5
8
9
11
10
7
8
5
7
6
4
5
7
10
6
7
5
6
8
8
8
6
5
3
5
12
5
3
6
7
4
7
12
6
7
4
9
6
5
7
9
2
9
7
1
7
3
7
6
6
7
8
3
3
5
4
6
7
4
9
4
6
2
7
1
7
7
7
8
8
9
15
8
11
13
9
12
9
4
7
4
7
4
8
3
6
2
3
6
3
3
6
2
4
7
6
3
3
6
2
2
2
7
5
1
5
4
9
2
1
2
3
8
4
3
5
1
4
3
3
4
4
3
4
4
6
4
4
3
2
7
1
2
3
1
4
8
2
1
4
2
4
3
2
2
2
3
6
3
5
6
2
10
6
7
2
8
5
4
3
1
4
0
3
2
5
3
3
3
3
1
3
2
7
1
4
0
3
4
3
6
2
3
3
3
2
3
5
5
1
1
6
7
0
2
1
1
0
2
3
2
3
2
5
4
3
5
3
2
3
4
2
1
3
0
2
2
0
3
3
4
1
1
3
2
2
7
2
0
2
3
2
2
2
2
3
5
4
3
3
1
1
5
6
2
1
2
4
1
5
3
5
2
3
8
5
5
6
5
5
3
7
6
1
2
4
2
2
6
4
12
18
22
35
52
78
108
111
138
151
131
119
82
52
28
22
15
10
4
2
2
1
1
2
3
1
0
2
0
2
0
1
3
2
1
1
6
1
0
2
0
2
0
3
4
3
2
1
1
1
0
0
1
1
2
2
1
0
2
3
5
1
0
2
0
2
0
3
1
0
1
1
0
3
1
1
1
1
0
1
0
0
1
3
1
1
1
1
1
2
0
3
1
0
3
3
0
3
1
1
2
0
4
2
2
1
1
2
1
0
3
0
1
1
0
2
1
1
2
3
0
2
3
2
0
3
4
3
0
1
2
2
1
0
0
3
0
0
0
2
0
1
1
2
3
1
1
0
1
1
2
2
2
2
2
1
1
1
1
0
2
3
1
1
4
2
2
2
0
3
2
1
2
1
0
0
3
1
4
3
1
2
3
2
0
2
3
2
1
1
0
4
1
2
1
2
0
3
2
4
2
0
0
4
4
1
1
4
0
3
2
2
0
2
0
1
1
4
1
2
3
0
1
1
2
4
1
2
0
3
2
0
2
2
3
0
1
5
4
4
2
0
0
0
2
1
0
0
0
0
2
0
3
4
0
2
1
3
3
2
2
3
5
0
0
1
3
0
2
2
0
0
1
0
1
2
1
1
1
1
0
2
1
0
2
2
3
1
3
2
2
0
3
0
1
0
4
1
1
1
2
0
2
0
2
3
2
1
0
3
2
0
0
1
1
0
0
3
1
0
2
3
0
2
0
1
1
0
1
2
0
1
1
2
5
4
3
7
2
1
3
0
2
0
2
1
1
1
1
0
1
0
1
0
2
0
2
4
2
2
0
0
0
2
3
1
2
1
3
1
4
1
0
1
2
3
0
2
0
0
4
0
1
0
4
2
0
2
0
1
2
2
2
4
2
1
3
1
1
0
0
2
0
1
2
1
1
2
3
2
2
0
2
2
0
0
1
1
1
3
0
0
1
4
3
3
3
1
3
1
1
1
1
0
1
3
1
1
2
0
4
2
1
3
2
3
2
1
0
1
1
1
2
2
4
2
1
1
1
1
1
0
3
4
0
0
2
0
2
0
0
1
1
2
0
2
4
1
2
4
1
2
2
1
2
0
2
1
0
2
5
3
0
0
1
0
0
0
2
1
2
2
1
2
0
1
2
2
0
0
4
6
1
1
1
2
1
2
2
0
2
1
1
0
0
1
3
4
2
1
3
0
1
4
0
2
1
0
4
1
2
1
1
1
1
1
2
1
0
2
1
1
1
0
0
1
1
1
0
2
1
0
1
0
1
0
1
2
0
1
2
0
1
2
2
1
1
2
2
0
1
1
0
0
2
2
1
1
0
3
2
0
2
5
1
1
10
3
1
5
2
3
2
2
2
1
0
1
1
2
2
1
1
0
1
0
0
0
3
1
1
0
3
1
1
1
4
3
3
1
2
1
2
2
1
1
0
0
0
4
1
0
2
0
0
3
0
2
0
4
1
2
2
1
2
4
5
2
0
2
2
1
1
3
3
0
0
0
3
2
1
1
1
0
0
2
2
0
2
3
1
3
1
1
1
1
1
1
2
3
0
0
1
1
1
2
2
2
1
2
2
2
2
2
1
1
2
2
0
2
5
1
3
1
0
2
5
6
1
8
8
8
8
14
8
6
8
4
1
1
1
4
1
2
2
2
1
2
1
0
0
4
0
0
3
1
1
3
4
1
2
3
1
3
1
2
4
2
2
3
2
2
0
3
2
1
1
0
0
1
0
0
1
0
0
1
1
2
4
1
0
2
4
1
2
1
4
4
5
3
1
3
0
1
3
1
1
3
3
0
2
0
0
2
1
1
3
0
0
2
0
1
0
0
3
1
2
3
6
2
0
2
5
1
1
4
2
4
3
2
3
1
0
0
2
1
0
1
3
2
1
2
3
2
5
1
2
4
0
2
0
0
1
4
4
2
1
1
1
2
2
3
0
1
1
5
1
3
1
4
2
5
1
3
2
0
1
0
2
2
4
3
3
2
2
1
3
0
3
1
1
2
2
4
2
1
4
2
2
0
2
3
2
2
1
1
1
2
2
1
4
1
2
3
1
3
1
1
0
1
1
0
0
2
1
1
1
4
3
2
3
1
1
2
2
7
1
2
0
0
0
0
1
1
3
2
2
2
2
2
1
1
2
1
3
2
0
3
3
2
2
3
1
2
0
2
0
0
1
5
2
1
4
2
1
4
1
0
1
0
1
4
0
3
4
2
3
1
0
2
2
0
4
3
2
0
3
2
1
1
2
0
2
0
6
6
1
2
1
5
2
3
2
2
3
1
0
3
0
3
2
1
5
1
2
2
2
3
1
0
4
2
1
2
0
1
1
2
2
1
0
3
6
1
1
2
3
3
5
3
1
6
5
2
3
1
1
3
2
1
2
1
2
2
0
0
1
2
1
0
4
0
0
4
2
6
3
2
3
3
1
2
1
3
3
1
0
1
1
5
0
1
1
0
2
2
1
3
1
2
0
3
3
2
1
2
0
2
1
2
3
1
3
4
2
3
2
2
2
0
5
7
7
5
10
0
6
6
4
4
5
6
3
1
2
2
1
3
6
2
2
2
3
0
3
2
4
2
2
1
2
0
1
4
2
1
1
3
2
4
3
3
3
3
1
3
2
3
3
2
2
3
1
1
4
1
4
2
2
4
0
5
2
4
2
3
1
3
3
1
1
4
0
4
0
3
5
2
1
0
0
3
2
2
2
2
3
3
2
2
1
3
1
6
3
1
2
2
6
4
4
4
2
1
0
0
6
3
3
1
1
1
1
1
0
1
1
2
1
4
2
1
1
3
5
2
1
2
5
2
1
2
3
2
4
1
2
1
4
1
2
3
2
1
2
1
2
1
1
2
1
2
4
1
2
1
5
1
1
2
4
0
0
2
3
2
5
1
0
0
1
1
0
2
3
5
1
0
0
0
1
1
0
0
1
2
2
3
2
0
5
2
1
2
1
3
2
2
2
2
2
2
3
3
7
1
4
2
2
2
3
2
3
2
0
1
2
3
1
4
1
3
2
1
0
1
1
3
3
1
0
2
3
4
0
1
2
3
1
2
3
2
1
3
0
0
3
3
4
2
3
1
2
2
4
2
4
2
1
3
2
5
1
2
1
2
3
3
2
5
3
3
0
2
4
5
5
0
0
1
5
1
3
2
1
4
0
4
2
1
3
0
4
2
2
0
7
4
1
1
1
2
5
2
5
2
9
9
14
8
16
21
27
37
52
43
56
44
51
27
21
12
9
5
2
4
4
2
2
6
5
4
3
5
3
1
6
3
3
4
6
1
1
7
2
6
3
0
0
1
1
1
5
2
3
4
4
5
2
5
4
2
3
5
8
0
4
5
1
1
1
1
2
4
5
4
2
5
0
2
5
2
3
3
4
1
6
2
3
1
2
2
5
3
1
3
1
2
2
2
1
4
5
5
3
1
1
3
3
0
5
4
8
4
3
2
7
3
1
5
1
3
2
2
4
5
2
3
4
2
1
2
6
5
3
4
2
1
2
6
4
5
2
5
2
4
2
2
4
0
4
3
3
4
4
4
0
3
4
3
3
4
4
3
1
3
1
3
2
2
1
1
2
7
3
4
6
5
7
1
3
5
1
1
4
1
0
4
1
1
1
1
2
5
3
2
2
3
6
4
1
5
3
4
1
3
2
2
2
5
3
4
3
2
0
4
3
2
2
0
2
1
2
2
1
0
4
2
3
1
1
4
3
1
4
0
3
2
1
2
2
3
3
4
1
3
1
4
2
3
1
2
2
4
2
1
0
0
1
4
2
3
3
3
3
2
4
5
0
5
2
0
5
3
3
2
1
3
1
1
4
2
4
1
4
3
6
4
3
3
1
1
3
4
3
2
2
0
1
2
1
1
1
3
1
6
0
2
0
2
4
3
2
0
1
3
0
1
3
3
4
2
2
1
5
1
4
2
3
2
3
2
3
4
1
0
2
3
3
3
2
2
0
1
0
1
2
3
3
1
1
4
2
5
0
3
3
3
4
2
4
2
0
2
0
0
3
6
2
2
2
3
3
5
5
2
2
3
0
3
3
2
2
3
3
0
6
4
0
2
1
4
3
2
1
3
2
1
1
0
3
3
4
1
1
4
2
4
4
1
2
4
4
4
6
3
6
9
9
8
9
2
5
3
5
2
3
2
3
0
2
6
0
1
3
2
1
1
1
4
3
1
0
2
1
4
1
1
3
4
2
2
2
2
3
1
2
1
2
3
1
7
1
0
1
4
1
3
1
2
1
3
6
0
0
4
2
2
0
0
0
1
0
0
5
3
3
2
1
2
2
2
3
3
0
2
3
2
1
2
0
1
4
0
3
2
1
1
1
1
1
0
3
0
2
0
2
1
1
1
0
1
2
2
2
2
3
5
0
1
1
3
2
1
1
1
4
1
3
0
1
0
0
0
3
0
2
2
1
1
0
1
3
0
3
0
0
0
1
1
1
1
0
1
0
0
2
1
1
1
2
0
1
2
0
1
1
1
3
0
0
1
1
1
1
0
2
1
3
0
0
2
2
0
0
1
0
0
1
0
1
1
0
0
0
2
1
1
1
2
1
0
0
0
0
2
0
0
0
0
0
0
1
0
0
3
1
1
1
0
1
0
0
0
0
0
0
0
3
1
1
1
0
0
3
0
0
1
0
1
1
0
0
0
1
1
2
0
1
0
2
0
1
2
2
0
1
1
1
1
0
0
0
0
0
2
2
0
1
0
0
0
1
0
0
0
0
0
0
0
1
2
1
2
1
0
0
1
1
0
0
0
1
1
0
0
0
0
2
0
1
0
0
1
0
0
1
2
2
4
6
6
8
13
14
25
35
33
38
36
31
30
27
19
8
6
9
4
2
0
1
0
2
2
0
1
1
0
2
0
0
0
0
1
0
0
0
0
0
1
0
0
0
0
0
0
1
0
0
0
0
0
0
0
0
1
1
1
1
0
2
2
0
0
0
0
1
0
1
0
0
0
0
0
0
0
0
1
0
2
0
1
1
0
0
0
1
0
0
1
0
0
0
0
1
1
0
0
1
1
1
0
0
0
0
0
0
0
0
0
0
0
1
0
0
1
0
0
0
0
0
1
2
1
0
0
0
5
3
0
0
0
0
0
0
0
0
0
0
0
1
0
0
0
0
0
0
0
0
0
0
0
1
1
0
0
0
3
0
0
0
1
1
1
1
0
0
0
0
0
1
0
0
0
1
0
1
0
0
0
1
0
0
1
2
0
0
0
0
1
0
0
0
0
1
0
0
1
1
0
0
0
0
0
0
0
0
0
1
1
0
0
1
1
0
0
1
0
2
0
0
0
0
0
0
0
0
0
0
0
1
0
1
0
1
1
0
0
0
0
0
1
0
0
0
0
0
0
0
0
0
0
0
0
0
0
0
0
0
0
0
0
1
0
0
2
1
0
1
0
0
1
0
1
0
1
0
0
0
0
2
0
0
0
0
0
0
3
0
0
0
0
0
1
1
0
0
1
0
0
0
0
0
0
0
1
1
0
0
1
0
0
0
1
0
0
0
0
1
0
1
0
0
0
0
0
0
0
0
1
0
0
0
0
0
0
0
0
1
0
0
0
0
1
1
0
0
0
0
0
0
1
1
1
0
0
0
0
1
0
1
1
0
0
0
0
1
0
0
0
0
1
0
0
0
0
0
0
0
0
2
0
0
0
1
0
1
1
0
0
0
0
1
0
0
0
0
0
0
1
0
0
0
1
0
0
1
0
0
0
0
0
0
0
0
0
0
0
0
1
0
0
0
0
0
0
0
0
0
0
1
1
0
0
0
0
0
0
0
0
0
0
1
0
0
0
0
0
0
0
0
0
0
1
0
1
0
0
1
1
0
0
0
0
0
1
0
0
0
1
0
1
0
0
1
0
0
1
0
0
0
1
0
1
0
0
1
1
0
0
0
0
1
0
0
0
0
0
0
1
0
3
0
0
0
0
0
0
0
0
0
0
0
0
0
0
0
0
0
0
0
0
0
1
0
0
0
2
1
0
0
0
1
0
0
0
0
0
1
0
1
2
0
0
0
0
0
0
0
2
2
0
0
0
0
0
0
0
1
0
0
0
0
0
0
0
0
0
0
0
0
0
0
0
0
1
1
0
0
0
0
0
0
0
0
0
1
1
0
1
0
0
0
0
2
0
0
0
0
1
0
0
0
1
0
0
1
1
0
1
1
0
1
0
0
0
0
0
0
0
1
0
0
0
0
0
0
0
0
0
0
1
0
1
0
0
0
0
0
0
0
0
0
0
0
1
0
0
0
0
0
0
1
1
0
0
0
0
1
0
0
2
0
0
1
0
0
0
0
0
0
1
0
1
0
0
0
0
0
0
1
0
0
0
1
0
1
1
0
0
0
0
1
0
0
0
0
0
0
0
1
0
0
0
0
0
0
1
0
0
2
0
0
0
1
0
0
0
0
0
0
2
1
0
0
0
1
0
0
0
0
1
0
0
2
0
0
0
0
0
2
0
0
0
0
0
0
1
0
0
0
0
0
0
0
0
1
0
0
0
2
0
0
0
0
1
0
0
0
0
0
0
0
0
0
0
1
0
0
0
1
3
0
0
0
0
0
1
0
0
0
1
0
0
0
1
0
1
0
0
0
0
0
0
1
0
0
0
0
0
0
0
0
1
0
0
0
0
1
0
1
1
2
1
0
0
0
0
0
0
1
1
0
0
0
0
2
0
1
1
0
0
0
0
0
0
0
1
0
0
0
0
0
0
1
1
0
0
0
0
0
0
0
0
0
0
0
0
0
0
0
0
0
0
1
1
0
0
0
0
0
0
0
0
1
0
0
0
0
0
0
0
0
0
0
0
0
0
0
1
0
1
0
0
1
0
0
0
0
1
0
1
0
0
1
0
0
0
0
0
0
1
1
0
0
0
0
0
0
1
0
0
1
0
1
0
0
2
0
0
1
0
0
1
1
0
0
0
0
0
0
0
0
0
0
1
0
1
2
0
0
0
0
1
0
1
0
1
0
0
1
0
0
0
0
0
1
0
1
0
2
0
1
0
0
0
0
0
1
0
1
0
1
0
0
0
0
0
0
0
1
0
0
0
0
0
0
1
0
0
1
0
0
0
0
0
0
3
0
0
0
1
0
0
1
0
0
0
0
0
0
0
1
0
1
1
0
0
0
0
0
0
0
0
1
0
1
1
0
0
0
0
0
0
0
1
0
0
1
1
0
0
0
0
1
0
1
0
1
0
0
0
0
1
0
0
0
0
0
0
0
1
0
0
0
0
1
0
0
0
0
0
0
1
0
0
1
0
0
0
0
0
0
1
1
0
0
0
1
0
0
0
0
1
0
0
0
0
1
1
0
0
0
0
0
0
0
1
0
0
0
1
0
0
0
0
0
0
0
0
0
2
0
0
0
0
1
1
1
0
0
1
1
0
0
0
0
0
1
1
0
0
0
0
1
0
0
0
0
0
0
0
0
0
0
0
0
0
0
0
1
0
2
0
0
0
0
0
0
0
1
1
1
0
0
0
1
0
0
0
0
0
0
0
0
0
0
0
0
0
1
0
0
0
0
0
0
0
0
0
0
0
0
0
0
0
0
1
0
0
1
0
0
0
0
1
0
0
0
1
1
0
0
0
0
1
0
0
1
0
1
0
0
0
0
0
0
0
0
0
1
0
1
0
0
$ENER_FIT:
-2.1070 0.716005 0.000000e+00
$MCA_CAL:
3
-2.1070 0.716005 0.000000e+00
$ENDRECORD:
